3.389431	3.699825	68
3.685238	4.264431	75
4.281094	4.945675	73
4.903988	6.979000	61
4.912319	5.522762	77
4.916500	6.908169	65
6.016506	6.318569	80
6.326931	6.633175	78
6.631069	6.778988	77
6.935238	7.374844	77
7.364406	7.435238	80
7.537319	8.224819	80
7.549831	9.081081	63
7.566494	8.839413	60
8.191494	8.866512	75
8.858181	9.174831	73
9.160244	9.479000	75
9.479000	9.764431	73
9.751919	10.099819	75
10.079006	11.391506	61
10.079006	11.406094	58
10.087337	10.660244	77
10.087337	11.468594	65
10.983181	11.097744	77
11.283169	11.591488	77
11.564419	11.826931	80
11.868587	12.445675	78
12.406094	14.124844	56
12.443569	14.112331	65
12.460262	13.201931	77
12.468594	14.181087	60
13.610256	13.949825	77
13.910244	14.133175	75
14.208156	14.391506	73
14.520656	14.831081	72
14.820675	15.026913	70
14.829006	15.681087	54
15.099819	15.187344	70
15.362331	15.464413	70
15.393581	15.618587	61
15.664425	16.208156	70
15.685238	15.891506	66
15.954006	16.160244	61
16.235256	16.543575	72
16.539425	16.843594	73
16.829006	17.193569	68
17.110256	17.939419	53
17.387325	17.626919	68
17.414425	17.989406	65
17.426906	18.033169	61
17.704006	18.049831	75
17.720669	18.056087	72
18.054012	18.474819	70
18.060238	18.551906	73
18.331081	19.139431	58
18.633175	19.281094	73
18.647762	18.960262	70
18.943569	19.237331	65
19.262325	19.914425	77
19.576931	20.270656	51
19.872738	20.472744	75
20.183163	20.253994	58
20.458156	20.516506	63
20.749844	21.445675	66
20.774837	21.358181	75
21.047756	21.226925	70
21.345669	21.676906	73
21.670681	22.354000	80
21.949825	22.979000	56
22.270656	22.687344	75
22.868587	23.054012	63
22.983181	23.087337	66
23.106075	23.649837	70
23.645656	24.251919	73
24.139431	25.768581	56
24.258175	25.731075	63
24.262325	25.714413	68
24.276913	24.972744	72
25.420681	26.062344	80
26.014431	26.758175	92
26.672756	26.895656	49
26.687344	27.483181	89
27.258175	27.447750	56
27.531094	27.647762	65
27.822750	28.054012	68
28.072750	28.431087	73
28.356075	28.624844	80
28.599819	28.820675	85
28.895656	29.247738	89
28.903988	29.860256	73
28.914425	29.189419	80
29.197750	29.704006	92
29.720669	29.868587	90
29.989406	30.551906	73
30.016506	30.295681	90
30.028988	30.335262	80
30.281094	30.422756	89
30.566494	30.876919	89
30.591488	30.660244	77
30.839413	31.014431	92
31.104000	31.956081	92
31.122738	32.599819	72
31.622738	32.616512	75
31.899837	32.449825	87
32.183163	32.447750	80
32.435238	32.645656	84
32.664425	32.835262	80
32.897762	33.056087	92
33.170681	33.243587	87
33.422756	33.562344	92
33.666500	33.856075	92
33.766506	33.837337	80
33.912319	33.954006	104
34.191494	34.276913	80
34.201931	34.829006	75
34.474819	34.653988	80
34.687344	34.906094	85
34.929012	35.243587	87
35.216488	36.054012	89
35.687344	37.420681	70
35.939419	37.081081	73
36.195675	36.516506	89
36.199825	36.716488	77
36.687344	36.997738	82
36.943569	37.426906	89
36.966488	37.370663	85
37.422756	37.776913	77
37.674831	37.899837	89
38.145656	38.458156	89
38.151913	38.356075	73
38.387325	38.706081	92
38.843594	39.172756	90
39.116512	39.901913	68
39.122738	39.489406	89
39.631069	39.872738	72
39.862331	40.372738	84
39.885250	40.145656	80
40.124844	40.170681	72
40.335262	40.674831	77
40.595669	40.793575	68
40.843594	41.051906	65
41.093594	41.431087	56
41.576931	41.941494	68
41.585262	41.818569	72
41.610256	42.022762	65
42.106075	42.354000	56
42.387325	42.531094	77
42.501919	42.633175	75
42.551906	42.691769	53
42.593594	42.885250	73
42.891506	43.231075	72
43.199825	43.701931	42
43.201931	43.662319	70
43.676906	43.733181	49
43.956081	45.133175	54
43.968594	44.454006	70
44.237331	44.558163	66
44.491512	44.795681	61
44.704006	44.804012	70
44.958156	45.270656	70
45.220669	46.335262	66
45.226925	46.299831	58
45.687344	46.181087	72
45.735256	46.197750	54
46.156094	46.576931	73
46.635250	47.443569	68
47.099819	48.201931	61
47.110256	48.160244	53
47.114406	48.191494	65
47.599819	48.043575	68
48.106075	48.458156	75
48.122738	48.570675	72
48.949825	50.331081	58
49.039425	50.345669	65
49.081081	49.826931	68
49.162319	50.051906	73
50.281094	50.506069	68
50.535244	51.026913	73
50.543575	50.918575	77
51.012325	51.514431	39
51.043575	52.403988	75
51.054012	52.222744	72
51.508175	51.587337	46
51.714413	51.770656	51
51.966488	52.220669	58
52.191494	52.456081	63
52.424831	52.635250	66
52.614406	52.781094	70
52.874844	53.399837	70
52.887325	53.253994	66
52.887325	53.329006	75
52.918575	53.445675	58
52.922756	52.989406	63
53.320675	53.520656	63
53.320675	53.718594	73
53.768581	53.954006	66
54.001919	54.501919	80
54.216488	54.283169	58
54.445675	55.170681	75
54.691494	55.956081	44
55.168575	55.701931	51
55.403988	55.774837	56
55.635250	55.824825	60
55.841488	56.054012	63
56.060238	56.376919	44
56.095669	56.343594	56
56.095669	56.376919	61
56.095669	56.410244	68
56.333156	56.495663	51
56.597744	57.566494	44
56.606075	57.501919	68
56.616512	57.106075	56
56.628994	57.385250	60
57.108181	57.206081	51
57.343594	57.454006	56
57.574825	57.758175	51
57.776913	57.945675	44
58.018581	58.195675	68
58.241512	58.395656	80
58.260250	58.331081	77
58.483181	58.801906	80
58.489406	58.806087	37
58.508175	58.729000	77
58.949825	59.033169	78
58.956081	59.028988	44
58.960262	59.008175	75
59.101925	59.281094	44
59.179012	59.758175	78
59.185238	59.585262	75
59.397762	59.470669	53
59.606075	59.885250	49
59.849819	59.966488	77
59.860256	59.929012	73
59.895656	59.951931	56
60.076931	60.512325	77
60.081081	60.524837	73
60.314419	60.395656	65
60.537319	61.335262	61
60.783169	60.951931	77
60.793575	60.876919	68
61.018581	61.216488	65
61.253994	61.445675	68
61.485256	61.722744	75
61.699825	61.949825	77
61.916500	62.045681	80
62.158169	62.439419	80
62.160244	62.474819	60
62.397762	62.568569	63
62.606075	62.683163	68
62.606075	62.724819	75
62.837337	62.983181	72
62.837337	63.501919	75
63.043575	63.187344	68
63.270656	63.312344	63
63.499844	63.672756	60
63.512325	63.747738	73
63.724819	63.924831	56
63.974819	65.239406	72
64.243587	64.366512	48
64.789425	65.033169	44
65.035244	65.576931	51
65.220669	65.564419	56
65.441494	65.539425	60
65.674831	65.945675	80
65.918575	66.287319	42
65.933163	66.424831	82
65.939419	66.312344	73
66.189419	66.383175	49
66.389431	66.466488	78
66.439419	66.495663	58
66.643581	67.010250	78
66.851925	67.401913	54
67.131069	67.399837	61
67.316494	67.741512	77
67.579006	67.664425	66
67.591488	67.662319	58
67.766506	68.051906	75
68.028988	68.110256	61
68.216488	68.443569	54
68.456081	68.872738	58
68.691494	68.910244	54
68.697750	68.893581	66
68.910244	69.083156	61
69.122738	69.276913	73
69.131069	69.172756	58
69.345669	69.670681	75
69.558163	69.924831	41
69.595669	69.826931	73
69.601925	69.856075	77
69.799831	69.964413	48
70.010250	70.068569	53
70.014431	70.124844	77
70.020656	70.089413	73
70.256069	70.658169	73
70.256069	70.826931	77
70.443569	70.895656	53
70.651913	70.941494	60
70.887325	70.995663	65
70.887325	71.054012	78
70.893581	70.989406	56
70.899837	71.085262	75
71.185238	72.756069	53
71.245663	71.429012	73
71.258175	71.614406	60
71.322750	71.816494	65
71.322750	72.118587	77
71.362331	71.762325	80
71.764431	72.437344	56
72.251919	72.737331	65
72.262325	72.710262	72
72.706081	72.851925	56
72.931087	73.183163	80
73.166500	73.512325	42
73.191494	73.647762	82
73.639431	73.745663	78
73.672756	73.758175	49
73.862331	74.524837	78
74.072750	74.126919	58
74.299831	74.510250	54
74.520656	74.604000	61
74.541500	75.089413	77
74.726925	74.768581	58
74.954006	75.443569	44
75.008175	75.378994	75
75.416500	75.501919	51
75.639431	75.741512	60
75.851925	76.287319	56
76.087337	76.264431	63
76.101925	76.356075	75
76.310512	76.374844	60
76.318569	76.547756	77
76.541500	76.845669	78
76.756069	77.247738	53
76.791500	77.087337	80
77.035244	77.408169	56
77.253994	77.466488	82
77.481075	78.149837	80
77.718594	77.912319	65
77.937344	78.085262	60
78.166500	78.218594	56
78.174831	78.285244	72
78.535244	79.045681	58
78.622738	79.031094	65
78.639431	79.706081	68
78.691494	79.770656	73
79.135250	79.193569	61
79.395656	79.568569	58
79.645656	79.806087	53
79.829006	80.070675	46
80.060238	80.114406	53
80.264431	80.335262	73
80.272762	80.360256	77
80.514431	80.624844	39
80.526913	80.810238	77
80.526913	80.906094	73
80.964413	81.418575	51
80.995663	81.060238	75
81.012325	81.070675	72
81.208156	81.633175	75
81.214413	81.576931	72
81.433163	81.704006	63
81.447750	81.670681	54
81.656094	81.899837	58
81.960262	82.037319	73
82.124844	82.281094	73
82.322750	83.335262	51
82.376919	83.093594	77
82.818569	83.245663	54
83.253994	83.778988	75
83.258175	83.760250	72
83.266506	83.437344	63
83.268581	83.485256	58
83.514431	83.693569	54
83.751919	84.345669	73
83.762325	84.345669	68
84.278988	85.824825	44
84.337337	84.849819	75
84.362331	84.843594	72
84.806087	85.670681	51
85.039425	85.512325	56
85.272762	85.364406	58
85.518581	85.814419	61
85.760250	86.047756	63
85.997738	86.324825	61
86.285244	87.743587	44
86.291500	87.181087	56
86.295681	87.562344	60
86.337337	86.956081	51
87.243587	88.522762	51
88.508175	88.614406	56
88.716488	88.845669	56
88.791500	88.851925	61
88.847744	89.383175	63
89.343594	89.503994	61
89.893581	90.687344	37
89.920681	90.441494	65
90.433163	90.733181	44
90.674831	90.762325	49
90.887325	91.037319	56
91.133175	91.237331	61
91.374844	92.710262	49
91.570675	91.714413	65
91.822750	92.087337	65
92.262325	92.556087	56
92.289425	92.462337	68
92.518581	93.199825	66
92.558163	92.735256	61
92.747738	92.931087	56
93.095669	93.164425	49
93.237331	93.503994	65
93.458156	93.564419	68
93.683163	94.649837	48
93.697750	94.276913	68
93.716488	94.068569	63
94.133175	94.535244	56
94.364406	95.983181	63
94.604000	94.822750	60
94.810238	95.006069	56
95.051906	95.120663	51
95.514431	96.708156	48
96.012325	96.270656	61
96.247738	96.522762	63
96.491512	96.960262	61
96.508175	96.574825	56
96.985256	97.483181	63
97.335262	98.485256	46
97.429012	97.883175	56
97.474819	98.006069	61
97.479000	97.545681	53
97.491512	98.066494	65
97.976925	98.195675	53
98.179012	98.401913	56
98.460262	98.556087	61
98.464413	98.837337	65
98.906094	99.166500	56
99.135250	99.318569	68
99.395656	99.560238	77
99.395656	99.595669	73
99.829006	100.151913	46
99.843594	100.128994	56
100.049831	100.547756	65
100.060238	100.289425	61
100.295681	100.516506	53
100.503994	100.593594	46
100.541500	100.749844	68
100.747738	101.008175	66
100.974819	101.097744	65
101.212337	101.914425	65
101.212337	102.943569	44
101.695675	102.939419	53
101.912319	102.949825	56
102.393581	102.624844	60
102.622738	103.060238	61
103.104000	103.545681	60
103.110256	103.883175	56
103.126919	104.360256	44
103.151913	103.516506	53
104.081081	104.251919	56
104.095669	104.351925	65
104.308163	104.576931	63
104.524837	104.758175	61
104.549831	104.604000	53
104.751919	105.056087	60
104.983181	106.343594	42
105.003994	105.556087	54
105.020656	105.585262	58
105.508175	105.808163	49
105.743587	106.195675	58
106.243587	106.426906	54
106.433163	106.503994	58
106.458156	106.528988	49
106.878994	107.810238	42
106.903988	107.822750	54
106.914425	107.385250	58
107.347744	107.829006	60
107.799831	108.197750	61
107.806087	108.020656	49
108.241512	108.995663	56
108.693569	109.735256	41
108.697750	109.760250	53
109.143581	109.614406	56
109.610256	110.024837	63
109.612331	110.079006	60
110.320675	111.608181	34
110.399837	111.662319	46
110.456081	111.683163	61
110.468594	111.341488	56
110.474819	111.741512	65
112.139431	113.320675	39
112.193569	112.679012	65
112.206081	112.676906	56
112.216488	112.670681	61
112.612331	113.412319	51
112.658169	113.366512	63
112.674831	113.370663	60
112.683163	113.416500	46
113.568569	113.987331	61
113.824825	115.264431	39
113.949825	115.308163	51
114.022762	114.472744	56
114.062344	114.301906	61
114.151913	114.701931	63
115.010250	115.358181	68
115.091488	115.170681	73
115.179012	117.122738	75
115.243587	116.066494	80
116.047756	116.679012	44
116.176906	117.141506	72
117.091488	120.235256	51
117.110256	120.287319	60
117.551906	117.693569	68
117.983181	118.058163	80
117.989406	118.054012	75
118.389431	119.347744	80
119.310238	119.570675	92
119.333156	119.414425	87
119.381069	119.560238	84
121.424831	122.387325	75
121.426906	122.378994	78
121.439419	124.183163	68
121.449825	123.883175	61
122.333156	124.958156	77
122.341488	124.270656	73
124.716488	124.854000	63
124.722744	124.887325	56
124.731075	125.156094	72
125.639431	128.460262	49
125.793575	128.456081	61
125.816494	128.429012	56
125.870663	126.901913	66
125.876919	128.604000	73
126.941494	128.487331	65
