2.608000	2.976744	68
2.978819	3.364256	70
3.368406	4.687163	53
3.378844	3.683012	72
3.724669	3.983000	60
3.993406	4.201750	56
4.007994	4.116331	72
4.287169	4.522581	60
4.547575	4.805906	56
4.587156	4.822569	72
4.866331	5.108000	60
5.191344	6.422575	53
5.230925	5.568419	72
5.553831	5.814238	60
5.826750	6.014250	56
6.118406	6.364256	60
6.137175	6.445494	77
6.410094	6.695494	56
6.433012	6.749663	80
6.735075	6.835081	60
6.747587	6.878844	77
7.110075	7.543425	77
7.114256	7.439238	58
7.460081	7.595488	61
7.507994	7.810087	75
7.772581	8.014250	58
7.797575	7.887175	73
8.080931	8.280913	61
8.120512	8.520506	72
8.124663	8.199675	71
8.453825	8.818419	58
8.468413	8.778837	70
8.778837	8.866331	61
9.235075	10.080931	52
9.241331	10.074675	61
9.241331	10.664244	70
9.249663	10.603819	67
10.585081	10.803831	53
10.585081	10.847594	68
10.591337	10.805906	60
10.610075	10.868406	65
11.251738	11.574675	68
11.264250	12.655913	60
11.276762	12.647581	53
11.539244	11.745512	67
11.799681	11.910094	70
12.062163	12.282988	68
12.385069	12.695494	72
12.683012	13.010069	70
12.985075	13.885069	61
12.995512	13.312163	73
13.001738	13.889250	57
13.301756	13.545500	74
13.591337	13.914244	72
13.889250	14.266325	70
14.224669	14.535094	68
14.497587	14.568419	46
14.522581	14.587156	58
14.539244	14.637175	67
14.939238	15.649656	60
14.939238	15.791319	68
14.939238	15.818419	65
14.947569	15.678831	53
16.099669	16.637175	48
16.174681	16.303831	64
16.208006	16.595488	58
16.255919	16.662169	67
16.583006	17.037169	68
17.018431	17.393431	56
17.022581	17.808012	65
17.030913	17.416319	53
17.747587	17.947569	41
18.364256	18.660094	68
18.662169	18.945494	70
18.985075	19.183012	72
18.985075	19.893431	53
19.320494	19.537169	60
19.587156	19.855925	56
19.593413	19.720488	72
19.608000	19.705931	68
19.899656	20.074675	60
20.176756	20.476744	53
20.203825	20.541319	72
20.218413	20.460081	68
20.491331	20.580931	60
20.830931	22.124663	53
20.855925	21.241331	72
20.860075	21.239256	68
21.197569	21.501738	60
21.462156	22.058012	56
21.747587	22.072569	77
21.772581	22.024656	65
22.053831	22.318419	60
22.053831	22.347594	80
22.328825	22.458006	65
22.355925	22.407988	77
22.726744	23.612181	58
22.733000	23.097594	77
23.028837	23.260069	65
23.051756	23.376738	75
23.303831	23.549681	61
23.318419	23.580931	73
23.591337	23.760069	72
23.595488	23.824675	65
23.930906	24.289244	70
23.945494	24.168425	61
24.243406	24.308012	65
24.580931	25.257994	48
24.685087	25.901762	70
24.699675	25.243406	58
24.701750	25.839262	67
25.849669	25.968413	56
25.855925	25.980925	68
25.862181	25.974669	65
25.870512	25.933012	53
26.428831	29.572569	58
26.455931	29.549681	61
26.462156	26.782988	68
26.764250	27.041319	67
27.051756	27.180906	70
27.326750	27.520506	68
27.626738	27.914244	72
27.922575	28.299681	70
28.255919	28.745512	73
28.743406	29.049681	75
29.049681	29.355925	73
29.360075	29.774656	72
29.743406	30.176756	70
30.112181	30.170500	46
30.132994	30.208006	58
30.157988	30.268431	68
30.747587	31.266325	53
30.793425	31.253844	60
30.797575	31.572569	68
30.801756	31.441344	65
31.730925	33.039244	48
31.849669	33.112181	58
31.926756	32.103819	64
31.930906	32.272581	67
32.299681	32.464262	68
32.503844	32.718413	67
32.737181	33.072569	65
33.193419	33.712156	64
33.647581	34.999663	56
33.649656	34.924681	53
33.689238	34.437163	65
34.424681	34.860075	60
35.089262	35.360075	68
35.105925	35.378844	72
35.676756	35.885069	70
35.689238	35.837156	67
36.151762	36.872587	36
36.216337	36.660094	70
36.230925	36.643431	67
36.803831	36.901762	48
37.535094	37.826750	60
37.564238	38.020506	73
37.568419	37.978819	70
38.103819	38.197569	72
38.116331	38.170500	68
38.249663	39.905913	41
38.253844	38.958006	68
38.260069	38.899656	72
38.858000	39.941344	53
39.466337	39.993406	77
39.480925	39.787169	72
40.032988	40.128844	75
40.035094	40.108000	72
40.287169	40.510069	43
40.303831	40.868406	75
40.310087	40.858000	72
40.935087	41.608000	55
40.951750	41.782988	74
40.960081	41.203825	62
40.962156	41.714262	71
41.535094	41.768431	62
41.616331	41.697569	67
42.114256	42.216337	76
42.124663	42.178831	72
42.268431	43.420500	48
42.272581	42.620512	72
42.276762	42.668425	76
42.830931	43.466337	55
42.968413	43.074675	64
42.978819	43.487181	60
42.997587	43.214262	67
43.018431	43.085081	65
43.632994	43.855925	80
43.632994	44.058012	84
44.157988	44.220488	82
44.168425	44.218413	79
44.289244	44.401762	48
44.301756	45.310087	79
44.303831	45.260069	82
44.814238	46.043425	60
44.951750	46.001738	67
45.007994	45.928831	72
45.772581	46.174681	82
45.776762	46.116331	85
46.270506	46.320494	80
46.270506	46.320494	84
46.385069	46.491331	53
46.393431	47.070494	80
46.393431	47.070494	84
46.833006	47.580931	65
46.989256	47.578825	72
47.022581	47.620512	68
47.072569	47.505919	77
47.626738	47.878844	89
47.916319	48.028837	87
47.935087	47.993406	84
48.070494	49.666319	61
48.143431	48.647581	68
48.212156	48.718413	73
48.233000	48.603819	87
48.239256	48.518431	84
48.562163	48.833006	85
48.833006	49.697569	65
48.839262	49.014250	84
49.162169	49.239256	82
49.570494	49.778837	73
49.583006	50.003844	80
49.591337	49.882994	68
49.978819	50.512175	82
50.451750	51.414244	56
50.453825	51.372587	68
50.491331	52.153837	80
50.501738	51.439238	75
50.543425	51.407988	63
51.733000	51.941344	51
51.939238	53.687163	58
52.089262	53.530913	67
52.176756	53.035094	79
54.305906	54.626738	68
54.601744	54.928831	70
54.907988	55.743406	56
54.918425	55.180906	72
55.214262	55.410094	63
55.491331	55.766325	60
55.503844	55.768431	72
55.762175	55.895506	63
56.053831	56.285094	60
56.070494	56.347594	72
56.351744	56.472594	63
56.657988	57.837156	56
56.693419	56.997587	72
56.983000	57.176756	63
57.222594	57.512175	60
57.501738	57.739256	63
57.522581	57.872587	80
57.816344	58.064238	60
57.843413	58.205931	84
58.151762	58.237181	63
58.218413	58.422575	80
58.495512	60.155913	55
58.580931	58.930906	80
58.903837	59.122587	63
58.916319	59.239256	79
59.199675	59.510069	58
59.253844	59.574675	77
59.528837	59.751738	63
59.547575	59.901762	75
59.839262	60.164244	58
59.870512	60.224669	73
60.168425	60.239256	63
60.455931	61.897581	56
60.460081	61.030913	73
60.751738	60.930906	63
61.022581	61.347594	60
61.058012	61.612181	72
61.353819	61.556181	63
61.637175	61.976744	60
61.962156	62.091337	63
61.985075	62.170500	72
62.333006	63.712156	56
62.387175	62.712156	72
62.649656	62.897581	65
62.674681	62.987181	70
62.941344	63.243406	73
62.947569	63.185087	60
63.220488	63.537169	72
63.222594	63.466337	65
63.522581	63.766325	60
63.526762	63.853819	70
63.797575	63.922575	65
63.839262	63.962156	68
64.120512	65.358000	56
64.166319	64.726744	68
64.474669	64.755919	65
64.755919	65.126738	59
65.053831	65.347594	65
65.370512	65.522581	59
65.643431	65.774656	65
65.776762	65.962156	67
65.939238	66.695494	53
65.953825	66.266325	68
66.224669	66.380919	60
66.224669	66.495512	67
66.464262	66.660094	56
66.491331	66.822569	65
66.772581	66.826750	60
67.143431	67.612181	48
67.185087	67.701750	67
67.507994	67.558012	58
67.664244	67.887175	68
67.872587	68.453825	41
67.872587	68.878844	65
68.214262	68.403837	48
68.522581	68.587156	53
68.793425	69.164244	56
69.120512	69.385069	65
69.120512	69.405913	68
69.122587	69.260069	60
69.397581	69.722594	70
69.424681	69.630919	67
69.726744	70.320494	53
69.728819	70.020506	68
69.753844	70.024656	72
70.060087	70.351744	60
70.320494	70.572569	68
70.324675	70.530913	65
70.328825	70.626738	72
70.583006	70.966337	56
70.864256	71.049681	65
70.885069	71.168425	72
70.889250	71.141325	68
71.155913	71.418425	60
71.462156	72.778837	52
71.512175	72.480925	72
71.512175	72.485075	67
71.826750	72.147581	60
72.099669	72.358000	64
72.343413	72.716337	60
72.366331	72.739256	76
72.641325	72.753844	64
72.678831	73.039244	79
72.997587	73.137175	76
73.308012	73.880919	50
73.337156	73.985075	76
73.339262	73.666319	69
73.683012	73.945494	57
73.964262	74.039244	62
73.974669	74.247587	72
74.262175	74.474669	65
74.543425	75.268431	69
74.885069	74.968413	65
74.903837	74.983000	62
75.212156	76.253844	62
75.235075	75.889250	68
75.564238	75.699675	65
75.874663	76.122587	65
76.155913	76.505919	68
76.455931	76.572569	65
76.468413	76.739256	70
76.747587	76.889250	72
77.095488	77.874663	72
77.097594	78.716337	55
77.105925	77.833006	68
77.433012	77.787169	62
77.718413	78.026762	65
78.018431	78.374663	62
78.028837	78.349669	72
78.030913	78.172575	68
78.370512	78.676756	65
78.653837	78.799681	62
78.997587	80.268431	55
79.037169	79.933012	73
79.045500	79.912169	70
79.347594	79.643431	61
79.372587	79.641325	58
79.626738	79.926756	65
79.887175	80.216337	61
79.891325	80.191344	58
80.172575	80.380919	65
80.191344	80.780913	73
80.191344	80.818419	70
80.470488	80.528837	61
80.472594	80.526762	58
80.797575	82.249663	56
80.835081	81.530913	72
80.835081	81.568419	68
81.157988	81.505919	60
81.416319	81.651762	63
81.662169	82.032988	60
82.012175	82.237181	63
82.043425	82.343413	75
82.047575	82.335081	72
82.372587	82.501738	60
82.618406	83.447569	68
82.703825	83.385069	72
82.755919	84.230925	53
82.757994	83.507994	77
83.105925	83.980925	56
83.382994	83.647581	65
83.643431	83.989256	60
83.995512	84.187163	65
83.997587	84.416319	80
84.010069	84.418425	72
84.341337	84.405913	56
84.710081	84.862181	37
84.728819	84.893431	49
84.737181	86.864256	80
84.760069	86.814238	72
84.774656	86.814238	77
85.187163	85.514250	56
85.480925	85.772581	65
85.495512	85.787169	60
85.795500	86.139250	56
86.110075	86.474669	60
86.120512	86.491331	65
86.468413	86.518431	56
86.808012	88.318419	55
87.168425	87.462156	62
87.458006	87.878844	74
87.466337	87.905913	67
87.470488	87.728819	65
87.768431	88.028837	62
88.041319	88.212156	65
88.068419	88.751738	74
88.070494	88.639250	67
88.378844	88.433012	62
88.705931	90.132994	48
88.745512	89.424681	72
88.749663	89.526762	76
89.083006	89.416319	55
89.347594	89.593413	60
89.628844	89.851744	55
89.885069	90.097594	67
89.893431	90.058012	60
89.905913	90.126738	64
90.180906	90.339262	55
90.483000	90.835081	47
90.787169	91.076750	57
91.058012	91.293425	62
91.080931	91.443419	65
91.080931	91.447569	69
91.351744	91.591337	57
91.612181	91.741331	62
91.635069	91.776762	69
91.645506	91.805906	65
91.918425	91.974669	57
92.255919	92.618406	40
92.308012	93.282988	68
92.312163	93.316344	71
92.662169	92.860075	47
92.939238	93.018431	56
92.943419	93.105925	52
93.208006	93.507994	47
93.487181	93.628844	56
93.497587	93.649656	52
93.770506	93.833006	47
94.078825	95.553831	45
94.382994	94.641325	52
94.672575	94.926756	57
94.680906	95.230925	69
94.693419	95.155913	60
94.964262	95.201750	52
95.262175	95.505919	57
95.314238	96.489256	69
95.333006	96.128844	60
95.747587	95.845488	52
96.447569	96.920500	41
96.507994	99.845488	71
96.514250	99.745512	67
96.891325	96.943419	48
97.205931	97.530913	53
97.501738	97.778837	57
97.518431	97.766325	60
97.828825	98.130919	53
98.130919	98.276762	57
98.147581	98.297575	60
98.493406	99.495512	52
98.837156	99.180906	56
98.853819	99.178831	59
99.145506	99.391325	62
99.443419	99.766325	56
99.458006	99.699675	59
99.776762	99.914244	62
100.128844	100.174681	56
100.130919	100.178831	59
100.585081	102.074675	45
100.639250	101.497587	64
100.643431	101.526762	72
100.668425	101.347594	60
101.022581	101.301756	52
101.299681	101.524656	57
101.572569	101.855925	52
101.891325	102.085081	57
101.907988	102.287169	69
102.222594	102.293425	52
102.276762	102.745512	71
102.630919	103.864256	53
102.683012	102.978819	72
103.070494	103.299681	60
103.364256	103.612181	57
103.366331	103.483000	72
103.628844	103.899656	60
103.893431	104.072569	57
103.912169	104.178831	72
104.172575	104.447569	60
104.478819	105.855925	52
104.520506	105.012175	72
104.837156	105.193419	60
105.143431	105.453825	55
105.474669	105.778837	60
105.478819	105.858000	76
105.785094	106.072569	55
105.839262	106.208006	79
106.130919	106.326750	60
106.178831	106.547575	76
106.510069	107.762175	50
106.566344	106.933012	77
106.866331	107.108000	60
106.876738	107.166319	76
107.151762	107.435087	57
107.162169	107.451750	74
107.460081	107.691344	60
107.460081	107.816344	72
107.772581	108.012175	57
107.787169	108.149656	71
108.066344	108.139250	60
108.101744	108.235075	69
108.385069	109.587156	55
108.416319	109.064238	69
108.718413	108.878844	65
109.028837	110.162169	67
109.032988	109.212156	62
109.362181	109.576750	65
109.710081	109.905913	62
110.080931	110.139250	55
110.495512	111.912169	62
110.518431	111.887175	59
110.530913	110.853819	69
110.835081	111.053831	67
111.103819	111.264250	71
111.360075	111.643431	69
111.649656	111.941344	72
111.935087	112.255919	71
112.216337	113.299681	53
112.239256	112.532988	74
112.505919	113.058012	57
112.512175	113.076750	62
112.514250	112.739256	76
112.760069	113.099669	74
113.035094	113.312163	72
113.301756	113.576750	71
113.303831	113.445494	57
113.308012	113.460081	62
113.583006	113.905913	69
113.862181	114.789244	55
113.905913	114.162169	73
114.187163	114.493406	74
114.199675	114.782988	61
114.210081	114.730925	64
114.210081	114.830931	57
114.447569	114.757994	73
114.735075	114.997587	71
115.020506	115.314238	69
115.330931	115.626738	67
115.624663	116.464262	53
115.637175	115.899656	69
115.939238	116.385069	65
115.970488	116.458006	62
115.980925	116.695494	57
116.203825	116.514250	69
116.470488	116.745512	76
116.726744	116.968413	69
116.995512	117.420500	65
117.295500	118.610075	52
117.387175	117.768431	67
117.755919	118.147581	64
117.970488	118.568419	55
117.987181	118.547575	60
118.039244	118.437163	67
118.299681	118.593413	74
118.572569	118.793425	72
118.830931	118.899656	67
119.105925	120.074675	50
119.116331	119.399656	65
119.389250	119.720488	62
119.653837	120.058012	53
119.660094	119.939238	65
119.660094	120.053831	57
119.916319	120.170500	69
119.916319	120.197569	72
120.176756	120.487181	65
120.445494	120.778837	62
120.714262	122.382994	50
120.714262	122.422575	43
120.739256	122.314238	55
120.772581	121.139250	67
120.776762	121.203825	71
121.091337	121.368406	65
121.360075	121.689238	62
121.668425	122.168425	69
121.674681	122.205931	65
122.162169	122.743406	62
122.166319	122.730925	67
122.728819	123.535094	65
122.747587	123.757994	69
123.749663	125.418425	36
123.866331	125.405913	48
123.901762	124.795500	60
123.966337	124.455931	64
124.062163	124.914244	72
124.528837	124.820494	67
124.803831	125.089262	64
125.037169	125.614256	60
125.297575	125.608000	64
125.543425	125.708006	67
125.691344	127.537169	36
125.743406	125.980925	60
125.791319	127.478819	48
125.855925	126.110075	65
125.951750	126.153837	68
126.049681	126.897581	72
126.403837	126.718413	68
126.691344	127.014250	65
126.995512	127.407988	60
127.318419	127.649656	65
127.674681	127.785094	68
127.926756	129.637175	36
127.972594	128.160094	60
128.016325	129.583006	48
128.049681	128.195494	64
128.101744	128.272581	67
128.203825	128.805906	72
128.545500	128.822569	67
128.866331	129.201750	64
129.193419	129.597594	60
129.535094	129.878844	64
129.880919	130.316344	67
130.228819	132.839262	31
130.268431	132.866331	43
130.308012	130.937163	71
130.308012	131.187163	62
130.818419	131.287169	67
131.243406	131.578825	65
131.603819	131.799681	62
131.985075	132.420500	59
132.385069	132.928831	55
132.849669	133.487181	53
133.445494	133.678831	50
133.953825	137.128844	36
134.085081	137.130919	43
134.110075	137.041319	48
134.145506	136.987181	52
134.243406	137.108000	55
134.380919	137.122587	60
