0.681400	0.766817	66
1.062650	1.127233	74
1.073067	1.175150	73
1.418900	1.485567	61
1.773067	1.833483	74
1.789733	1.893900	73
2.108483	2.168900	66
2.487650	2.545983	74
2.500150	2.606400	73
2.823067	2.873067	61
3.181400	3.277233	74
3.216817	3.270983	73
3.556400	3.737650	85
3.573067	3.618900	66
3.720983	3.889733	86
3.833483	4.020983	85
3.970983	4.091817	83
3.975150	4.018900	73
3.975150	4.052233	74
4.089733	4.264733	81
4.227233	4.391817	80
4.350150	4.395983	61
4.370983	4.541817	78
4.514733	4.702233	77
4.645983	4.798067	78
4.735567	4.781400	73
4.735567	4.802233	74
4.758483	4.898067	80
4.889733	5.054317	81
5.020983	5.181400	83
5.135567	5.283483	85
5.141817	5.189733	66
5.283483	5.448067	86
5.402233	5.564733	85
5.525150	5.627233	83
5.529317	5.593900	73
5.550150	5.600150	74
5.658483	5.793900	81
5.770983	5.933483	80
5.910567	6.077233	78
5.914733	5.956400	61
6.050150	6.218900	77
6.181400	6.343900	78
6.300150	6.339733	73
6.304317	6.358483	74
6.304317	6.420983	80
6.433483	6.598067	81
6.566817	6.758483	83
6.689733	6.754317	57
6.689733	6.850150	85
6.848067	6.991817	86
6.954317	7.120983	85
7.093900	7.214733	83
7.106400	7.156400	73
7.114733	7.164733	64
7.225150	7.348067	81
7.339733	7.500150	80
7.475150	7.637650	78
7.475150	7.808483	73
7.500150	7.858483	66
7.514733	7.602233	69
7.614733	7.789733	77
7.764733	7.918900	78
7.879317	8.014733	80
8.012650	8.181400	81
8.141817	8.308483	83
8.250150	8.295983	57
8.256400	8.429317	85
8.416817	8.564733	86
8.518900	8.675150	85
8.643900	8.783483	83
8.654317	8.712650	73
8.668900	8.729317	64
8.781400	8.916817	81
8.898067	9.066817	80
9.039733	9.191817	78
9.039733	9.418900	73
9.056400	9.395983	66
9.064733	9.364733	69
9.173067	9.339733	77
9.314733	9.470983	78
9.439733	9.550150	80
9.554317	9.712650	81
9.685567	9.825150	83
9.793900	9.952233	85
9.802233	10.143900	64
9.931400	10.102233	90
10.066817	10.231400	85
10.185567	10.300150	83
10.191817	10.239733	73
10.218900	10.285567	66
10.312650	10.460567	81
10.437650	10.523067	80
10.573067	10.960567	63
10.585567	10.727233	78
10.716817	10.900150	77
10.864733	11.029317	78
10.979317	11.027233	73
10.991817	11.043900	66
10.991817	11.104317	80
11.112650	11.285567	81
11.250150	11.393900	83
11.364733	11.498067	85
11.364733	11.702233	61
11.485567	11.641817	90
11.621244	11.779317	85
11.735567	11.798067	73
11.737650	11.864733	83
11.768900	11.827233	66
11.864733	12.014733	81
11.993900	12.168900	80
12.139733	12.308483	78
12.139733	12.510567	57
12.279317	12.456400	77
12.423067	12.587650	78
12.545983	12.602233	66
12.545983	12.608483	69
12.550150	12.673067	80
12.558483	12.614733	61
12.679317	12.856400	81
12.814733	12.981400	83
12.931400	13.095983	85
12.956400	12.998067	54
13.081400	13.231400	86
13.185567	13.356400	85
13.316817	13.452233	83
13.345983	13.406400	71
13.360567	13.408483	65
13.445983	13.581400	81
13.575150	13.743900	80
13.712650	13.891817	78
13.735567	14.062650	61
13.739733	14.054317	71
13.752233	14.058483	65
13.854317	14.037650	77
13.981400	14.158483	78
14.098067	14.264733	80
14.243900	14.402233	81
14.352233	14.537650	80
14.508483	14.600150	78
14.520983	14.575150	71
14.520983	14.579317	62
14.529317	14.575150	68
15.208483	15.302233	74
15.208483	15.302233	66
15.220983	15.270983	59
15.225150	15.289733	57
15.614733	15.712650	65
15.614733	15.716817	73
15.625150	15.664733	59
15.625150	15.683483	56
16.012650	16.306400	49
16.031400	16.310567	42
16.712650	17.460567	73
16.720983	16.868900	54
16.864733	16.968900	61
16.962650	17.139733	62
17.091817	17.202233	66
17.223067	17.273067	65
17.237650	17.375150	62
17.358483	17.514733	61
17.485567	17.608483	54
17.489733	17.700150	71
17.602233	17.729317	61
17.648067	17.879317	73
17.733483	17.885567	62
17.848067	17.945983	66
17.866817	18.660567	74
17.987650	18.137650	62
18.108483	18.283483	61
18.252233	18.383483	54
18.368900	18.498067	61
18.500150	18.666817	62
18.629317	18.743900	66
18.664733	19.098067	71
18.781400	18.941817	62
18.902233	19.062650	61
19.025150	19.150150	54
19.068900	19.468900	73
19.148067	19.291817	61
19.289733	19.470983	62
19.433483	19.545983	66
19.473067	19.918900	69
19.595983	19.750150	62
19.718900	19.885567	61
19.852233	19.977233	54
19.881400	20.329317	71
19.985567	20.116817	61
20.114733	20.273067	62
20.241817	20.370983	66
20.293900	21.120983	73
20.412650	20.554317	62
20.523067	20.698067	61
20.668900	20.820983	54
20.808483	20.925150	61
20.970983	21.137650	62
21.083483	21.214733	66
21.260567	21.339733	62
21.323067	21.500150	61
21.470983	21.606400	54
21.585567	21.729317	61
21.729317	21.885567	62
21.854317	21.987650	66
22.023067	22.098067	62
22.093900	22.291817	61
22.258483	22.410567	54
22.381400	22.537650	61
22.523067	22.698067	62
22.645983	22.789733	66
22.806400	22.933483	62
22.914733	23.100150	61
23.064733	23.208483	54
23.066817	23.900150	49
23.202233	23.345983	61
23.325150	23.514733	62
23.460567	23.591817	66
23.633483	23.754317	62
23.718900	23.895983	61
23.852233	24.012650	54
23.873067	24.085567	47
24.002233	24.127233	61
24.041817	24.287650	49
24.118900	24.285567	62
24.237650	24.375150	66
24.264733	25.098067	50
24.412650	24.554317	62
24.525150	24.700150	61
24.668900	24.850150	54
24.823067	24.970983	61
24.956400	25.129317	62
25.081400	25.212650	66
25.095983	25.589733	47
25.243900	25.375150	62
25.354317	25.539733	61
25.504317	25.643900	54
25.537650	25.954317	49
25.635567	25.789733	61
25.798067	25.941817	62
25.910567	26.039733	66
25.937650	26.333483	45
26.085567	26.195983	62
26.170983	26.356400	61
26.308483	26.481400	54
26.364733	26.829317	47
26.464733	26.606400	61
26.589733	26.754317	62
26.723067	26.879317	66
26.802233	27.627233	49
26.898067	27.043900	62
27.014733	27.191817	61
27.156400	27.318900	54
27.281400	27.425150	61
27.429317	27.600150	62
27.548067	27.727233	66
27.583483	28.475150	42
27.752233	27.862650	62
27.833483	28.018900	61
27.977233	28.156400	54
28.131400	28.277233	61
28.273067	28.458483	62
28.398067	28.541817	66
28.585567	28.714733	62
28.668900	28.860567	61
28.827233	28.877233	54
29.285567	29.448067	59
29.314733	29.375150	47
29.314733	29.468900	48
29.395983	29.541817	61
29.454317	29.525150	49
29.520983	29.689733	50
29.525150	29.679317	62
29.643900	29.723067	61
29.677233	29.716817	49
30.060567	30.123067	45
30.060567	30.152233	57
30.437650	30.650150	47
30.448067	30.645983	59
30.593900	30.823067	60
30.608483	30.795983	48
30.702233	30.879317	61
30.783483	30.856400	49
30.833483	30.893900	50
30.845983	30.910567	62
31.231400	31.291817	61
31.250150	31.298067	49
31.645983	31.814733	66
31.650150	31.754317	54
31.783483	31.989733	64
31.839733	32.058483	52
31.931400	32.093900	63
32.010567	32.064733	51
32.052233	32.098067	50
32.056400	32.135567	62
32.412650	32.595983	47
32.414733	32.600150	59
32.548067	32.748067	60
32.577233	32.777233	48
32.673067	32.795983	61
32.768900	32.891817	62
32.779317	32.848067	50
33.183483	33.250150	49
33.183483	33.262650	61
33.566817	33.723067	45
33.575150	33.781400	57
33.725150	33.937650	46
33.727233	33.923067	58
33.879317	34.023067	59
33.948067	34.070983	60
33.952233	34.050150	47
34.000150	34.062650	48
34.360567	34.464733	61
34.383483	34.433483	49
34.775150	34.877233	57
34.785567	34.864733	45
35.193900	37.260567	54
35.202233	35.277233	42
36.014733	36.056400	37
36.477233	36.523067	42
37.293900	37.345983	37
37.764733	38.114733	73
37.775150	38.610567	49
37.779317	38.591817	42
37.804317	37.931400	78
37.933483	38.045983	80
38.066817	38.141817	78
38.162650	38.333483	85
38.208483	40.516817	73
38.335567	38.481400	78
38.450150	38.600150	80
38.591817	38.750150	78
38.714733	38.862650	80
38.875150	38.966817	78
38.966817	39.127233	85
39.127233	39.270983	78
39.245983	39.410567	80
39.379317	40.106400	61
39.379317	40.170983	49
39.383483	39.539733	78
39.514733	39.666817	80
39.666817	39.787650	78
39.779317	39.925150	85
39.948067	40.050150	78
40.054317	40.218900	80
40.195983	40.335567	78
40.304317	40.473067	80
40.458483	40.583483	78
40.583483	40.727233	85
40.591817	41.364733	73
40.735567	40.881400	78
40.850150	41.031400	80
40.975150	41.752233	49
40.981400	41.748067	42
41.002233	41.162650	78
41.127233	41.298067	80
41.270983	41.418900	78
41.406400	41.575150	85
41.410567	43.629317	73
41.577233	41.731400	78
41.693900	41.852233	80
41.831400	41.987650	78
41.943900	42.106400	80
42.093900	42.181400	78
42.204317	42.360567	85
42.364733	42.506400	78
42.470983	42.633483	80
42.606400	42.754317	78
42.631400	43.308483	49
42.633483	43.248067	61
42.727233	42.893900	80
42.887650	43.010567	78
43.008483	43.164733	85
43.170983	43.318900	78
43.302233	43.458483	80
43.437650	43.593900	78
43.550150	43.718900	80
43.700150	43.866817	78
43.739733	47.073067	73
43.833483	44.008483	85
43.850150	43.889733	42
44.004317	44.152233	78
44.145983	44.314733	80
44.277233	44.345983	66
44.295983	44.439733	78
44.329317	44.389733	58
44.414733	44.583483	80
44.570983	44.725150	78
44.691817	44.866817	85
44.702233	44.789733	54
44.706400	44.800150	63
44.739733	44.781400	58
44.875150	45.045983	78
44.995983	45.173067	80
45.127233	45.312650	78
45.131400	45.185567	54
45.137650	45.239733	63
45.168900	45.208483	58
45.279317	45.445983	80
45.429317	45.593900	78
45.550150	45.706400	85
45.577233	45.670983	65
45.585567	45.643900	58
45.598067	45.645983	61
45.731400	45.860567	78
45.850150	46.029317	80
46.004317	46.110567	66
46.008483	46.156400	78
46.037650	46.079317	58
46.050150	46.098067	61
46.145983	46.298067	80
46.316817	46.437650	78
46.420983	46.575150	85
46.433483	46.520983	63
46.435567	46.485567	54
46.462650	46.500150	58
46.600150	46.756400	78
46.716817	46.889733	80
46.837650	47.020983	78
46.862650	46.941817	63
46.875150	46.925150	54
46.891817	46.931400	58
46.979317	47.156400	80
47.150150	47.298067	78
47.150150	47.666817	73
47.268900	47.431400	85
47.289733	47.379317	65
47.295983	47.381400	58
47.312650	47.358483	61
47.458483	47.620983	78
47.583483	47.754317	80
47.731400	47.895983	78
47.733483	47.952233	73
47.735567	47.785567	58
47.741817	47.787650	54
47.745983	47.810567	51
47.868900	48.031400	80
48.023067	48.181400	78
48.023067	48.791817	73
48.143900	48.595983	63
48.156400	48.314733	85
48.156400	48.620983	54
48.173067	48.598067	58
48.331400	48.489733	78
48.458483	48.625150	80
48.610567	48.752233	78
48.706400	48.887650	80
48.866817	49.368900	73
48.873067	49.029317	78
48.989733	49.139733	85
49.004317	49.054317	51
49.010567	49.081400	58
49.029317	49.068900	54
49.173067	49.331400	78
49.295983	49.470983	80
49.427233	49.827233	73
49.427233	49.893900	63
49.433483	49.948067	54
49.439733	49.591817	78
49.448067	49.920983	58
49.573067	49.743900	80
49.745983	49.887650	78
49.858483	50.025150	85
49.877233	53.954317	73
50.029317	50.181400	78
50.150150	50.300150	80
50.300150	50.450150	78
50.414733	50.587650	80
50.566817	50.714733	78
50.685567	50.727233	42
50.691817	50.823067	85
50.779317	50.829317	54
50.870983	50.956400	78
50.995983	51.175150	80
51.154317	51.252233	66
51.154317	51.302233	78
51.175150	51.229317	61
51.200150	51.245983	58
51.304317	51.464733	80
51.454317	51.612650	78
51.573067	51.735567	85
51.581400	51.645983	63
51.583483	51.639733	54
51.612650	51.652233	58
51.758483	51.916817	78
51.885567	52.052233	80
52.000150	52.050150	63
52.012650	52.189733	78
52.025150	52.064733	58
52.158483	52.318900	80
52.308483	52.454317	78
52.423067	52.579317	85
52.433483	52.520983	65
52.450150	52.498067	58
52.458483	52.504317	61
52.608483	52.770983	78
52.735567	52.900150	80
52.866817	52.968900	66
52.873067	53.029317	78
52.914733	52.964733	58
52.927233	52.985567	61
53.018900	53.164733	80
53.170983	53.325150	78
53.283483	53.466817	85
53.291817	53.343900	54
53.293900	53.364733	63
53.325150	53.366817	58
53.458483	53.629317	78
53.585567	53.762650	80
53.691817	53.739733	54
53.704317	53.777233	63
53.704317	53.885567	78
53.741817	53.785567	58
53.841817	54.037650	80
54.012650	54.179317	78
54.014733	55.673067	73
54.139733	54.327233	85
54.148067	54.258483	58
54.152233	54.239733	65
54.181400	54.237650	61
54.323067	54.500150	78
54.350150	54.412650	58
54.460567	54.660567	80
54.604317	54.708483	51
54.608483	54.702233	61
54.614733	54.787650	78
54.641817	54.698067	57
54.752233	54.943900	80
54.939733	55.091817	78
55.045983	55.379317	57
55.052233	55.245983	85
55.054317	55.429317	66
55.058483	55.416817	61
55.227233	55.391817	78
55.366817	55.548067	80
55.548067	55.702233	78
55.648067	55.827233	80
55.808483	55.954317	78
55.918900	56.095983	85
55.925150	55.970983	61
55.925150	55.973067	66
55.925150	55.993900	69
56.073067	56.239733	78
56.206400	56.389733	80
56.343900	56.525150	78
56.343900	56.937650	63
56.348067	56.856400	73
56.364733	56.887650	69
56.466817	56.645983	80
56.614733	56.787650	78
56.762650	56.939733	85
56.904317	57.089733	78
57.045983	57.225150	80
57.185567	57.352233	78
57.302233	57.479317	80
57.456400	57.633483	78
57.602233	57.773067	85
57.610567	57.654317	47
57.752233	57.945983	78
57.904317	58.083483	80
58.037650	58.235567	78
58.050150	58.093900	63
58.056400	58.118900	73
58.081400	58.129317	69
58.185567	58.366817	80
58.339733	58.508483	78
58.464733	58.643900	85
58.481400	58.570983	69
58.506400	58.554317	61
58.514733	58.556400	63
58.618900	58.802233	78
58.768900	58.973067	80
58.908483	59.116817	78
58.925150	59.023067	69
58.927233	58.993900	61
58.939733	59.000150	63
59.050150	59.254317	80
59.216817	59.398067	78
59.360567	59.550150	85
59.366817	59.493900	66
59.377233	59.443900	61
59.377233	59.475150	57
59.525150	59.702233	78
59.691817	59.856400	80
59.808483	59.914733	66
59.812650	59.985567	78
59.831400	59.875150	61
59.958483	60.133483	80
60.120983	60.281400	78
60.248067	60.668900	69
60.248067	60.693900	61
60.252233	60.437650	85
60.256400	60.698067	63
60.414733	60.581400	78
60.550150	60.725150	80
60.700150	60.868900	78
60.829317	61.020983	80
60.998067	61.166817	78
61.123067	61.212650	47
61.133483	61.304317	85
61.293900	61.489733	78
61.445983	61.631400	80
61.587650	61.685567	73
61.587650	61.795983	78
61.591817	61.654317	63
61.614733	61.662650	69
61.743900	61.935567	80
61.904317	62.079317	78
62.025150	62.133483	69
62.033483	62.233483	85
62.037650	62.102233	61
62.060567	62.108483	63
62.202233	62.408483	78
62.360567	62.554317	80
62.493900	62.683483	78
62.502233	62.579317	69
62.518900	62.579317	61
62.523067	62.568900	63
62.633483	62.825150	80
62.802233	62.979317	78
62.933483	63.108483	85
62.950150	63.052233	66
62.952233	63.043900	61
62.956400	63.048067	57
63.098067	63.275150	78
63.235567	63.427233	80
63.368900	63.556400	78
63.381400	63.479317	66
63.389733	63.429317	61
63.498067	63.681400	80
63.645983	63.837650	78
63.795983	63.975150	85
63.804317	64.741817	69
63.812650	64.185567	61
63.812650	64.185567	63
63.950150	64.154317	78
64.106400	64.308483	80
64.256400	64.445983	78
64.385567	64.589733	80
64.556400	64.729317	78
64.670983	64.752233	61
64.679317	64.754317	66
64.679317	64.858483	85
64.835567	65.037650	78
64.987650	65.175150	80
65.098067	65.520983	61
65.118900	65.508483	70
65.131400	65.320983	78
65.135567	65.514733	66
65.262650	65.448067	80
65.423067	65.591817	78
65.564733	65.718900	85
65.683483	65.893900	78
65.845983	66.027233	80
65.968900	66.175150	78
66.006400	66.056400	54
66.123067	66.329317	80
66.291817	66.477233	78
66.443900	66.525150	66
66.443900	66.631400	85
66.477233	66.529317	61
66.602233	66.798067	78
66.743900	66.935567	80
66.879317	67.085567	78
66.891817	67.231400	59
66.898067	67.243900	69
66.904317	67.281400	63
67.027233	67.231400	80
67.206400	67.366817	78
67.331400	67.512650	85
67.481400	67.679317	78
67.614733	67.818900	80
67.750150	67.791817	54
67.758483	67.950150	78
67.895983	68.085567	80
68.062650	68.227233	78
68.177233	68.270983	66
68.187650	68.229317	63
68.193900	68.362650	85
68.335567	68.527233	78
68.483483	68.668900	80
68.610567	68.989733	61
68.616817	68.941817	70
68.625150	68.956400	66
68.631400	68.827233	78
68.768900	68.952233	80
68.925150	69.098067	78
69.066817	69.235567	85
69.189733	69.375150	78
69.335567	69.531400	80
69.481400	69.666817	78
69.504317	69.550150	54
69.616817	69.827233	80
69.802233	69.956400	78
69.927233	70.027233	66
69.937650	69.979317	61
69.937650	70.095983	85
70.085567	70.268900	78
70.223067	70.423067	80
70.377233	70.560567	78
70.387650	70.750150	66
70.389733	70.752233	69
70.389733	70.777233	61
70.508483	70.695983	80
70.681400	70.833483	78
70.827233	71.002233	85
70.977233	71.160567	78
71.123067	71.310567	80
71.258483	71.443900	78
71.275150	71.316817	54
71.395983	71.606400	80
71.570983	71.754317	78
71.710567	71.760567	61
71.718900	71.783483	66
71.718900	71.908483	85
71.879317	72.064733	78
72.014733	72.100150	80
72.243900	72.525150	63
72.252233	72.395983	85
72.379317	72.545983	78
72.514733	72.681400	80
72.541817	72.625150	69
72.654317	72.827233	78
72.775150	73.016817	73
72.789733	72.935567	80
72.902233	73.041817	78
73.041817	73.239733	66
73.050150	73.193900	87
73.170983	73.370983	81
73.264733	73.452233	75
73.327233	73.506400	83
73.452233	73.627233	81
73.498067	73.635567	73
73.585567	73.743900	83
73.652233	73.800150	75
73.723067	73.845983	81
73.864733	74.058483	69
73.883483	74.081400	90
74.056400	74.223067	85
74.123067	74.308483	78
74.206400	74.375150	87
74.348067	74.510567	85
74.352233	74.418900	75
74.479317	74.608483	87
74.508483	74.741817	78
74.612650	74.750150	85
74.737650	74.941817	73
74.741817	74.927233	93
74.883483	75.085567	87
74.973067	75.229317	81
75.062650	75.210567	90
75.200150	75.339733	87
75.214733	75.289733	78
75.306400	75.435567	90
75.329317	75.548067	81
75.448067	75.560567	87
75.575150	75.802233	75
75.600150	75.752233	97
75.754317	75.925150	90
75.808483	75.995983	85
75.910567	76.070983	92
76.039733	76.145983	81
76.062650	76.200150	90
76.166817	76.323067	92
76.175150	76.420983	85
76.308483	76.510567	90
76.445983	76.683483	78
76.460567	76.627233	97
76.616817	76.816817	90
76.698067	76.931400	87
76.783483	76.970983	92
76.937650	77.043900	85
76.937650	77.106400	90
77.070983	77.198067	92
77.116817	77.304317	87
77.220983	77.404317	90
77.358483	77.520983	97
77.368900	77.593900	81
77.514733	77.720983	90
77.608483	77.900150	87
77.683483	77.868900	92
77.827233	77.995983	90
77.900150	78.181400	85
77.970983	78.135567	92
78.112650	78.318900	90
78.145983	78.189733	87
78.277233	78.406400	97
78.427233	78.606400	90
78.585567	78.766817	92
78.756400	78.877233	90
78.870983	79.027233	92
78.977233	79.054317	90
79.287650	79.339733	73
79.304317	79.454317	97
79.435567	79.602233	98
79.568900	79.735567	96
79.700150	79.754317	72
79.700150	79.908483	98
79.873067	80.031400	97
80.006400	80.177233	98
80.125150	80.166817	73
80.137650	80.316817	96
80.285567	80.491817	98
80.445983	80.618900	97
80.518900	80.575150	74
80.568900	80.754317	98
80.723067	80.891817	96
80.854317	81.062650	98
80.983483	81.062650	75
81.010567	81.173067	97
81.145983	81.329317	98
81.300150	81.483483	96
81.429317	81.516817	76
81.431400	81.650150	98
81.610567	81.766817	97
81.729317	81.908483	98
81.868900	82.056400	96
81.875150	81.931400	77
82.014733	82.212650	98
82.170983	82.339733	97
82.285567	82.475150	98
82.304317	82.366817	78
82.441817	82.612650	96
82.575150	82.764733	98
82.704317	82.773067	79
82.723067	82.918900	97
82.875150	83.045983	98
83.018900	83.181400	96
83.137650	83.214733	80
83.141817	83.337650	98
83.304317	83.483483	97
83.443900	83.606400	98
83.548067	83.602233	81
83.568900	83.729317	96
83.706400	83.920983	98
83.860567	84.033483	97
83.981400	84.035567	82
83.989733	84.173067	98
84.131400	84.287650	96
84.266817	84.462650	98
84.402233	84.462650	83
84.416817	84.579317	97
84.539733	84.720983	98
84.677233	84.850150	96
84.808483	85.012650	98
84.818900	84.895983	84
84.966817	85.145983	97
85.106400	85.283483	98
85.231400	85.287650	86
85.245983	85.406400	96
85.383483	85.589733	98
85.550150	85.727233	97
85.681400	85.858483	98
85.683483	85.716817	85
85.827233	86.004317	96
85.964733	86.160567	98
86.102233	86.293900	97
86.123067	86.166817	78
86.260567	86.420983	98
86.375150	86.581400	97
86.512650	86.562650	85
86.520983	86.658483	95
86.529317	86.583483	86
86.623067	86.785567	93
86.760567	86.945983	92
86.902233	87.093900	90
86.908483	86.962650	73
87.043900	87.237650	89
87.183483	87.362650	90
87.306400	87.379317	86
87.314733	87.477233	92
87.316817	87.354317	85
87.460567	87.648067	93
87.606400	87.766817	95
87.627233	87.683483	96
87.725150	87.906400	97
87.729317	87.814733	78
87.900150	88.048067	98
87.910567	87.979317	100
87.991817	88.198067	97
88.133483	88.181400	85
88.133483	88.227233	86
88.133483	88.275150	95
88.250150	88.425150	93
88.393900	88.604317	92
88.529317	88.587650	73
88.545983	88.723067	90
88.700150	88.885567	89
88.843900	88.987650	90
88.945983	89.116817	92
88.952494	89.014733	85
88.960567	89.010567	86
89.098067	89.285567	93
89.231400	89.423067	95
89.364733	89.448067	69
89.364733	89.554317	97
89.529317	89.675150	98
89.635567	89.833483	97
89.775150	89.923067	95
89.779317	89.831400	76
89.779317	89.848067	85
89.885567	90.048067	93
90.029317	90.220983	92
90.162650	90.531400	85
90.170983	90.477233	78
90.175150	90.354317	90
90.189733	90.377233	81
90.318900	90.512650	89
90.452233	90.618900	90
90.579317	90.741817	92
90.727233	90.916817	93
90.864733	91.056400	95
90.981400	91.073067	69
90.989733	91.173067	97
91.150150	91.312650	98
91.256400	91.464733	97
91.395983	91.481400	85
91.395983	91.525150	95
91.408483	91.458483	76
91.523067	91.693900	93
91.664733	91.843900	92
91.783483	92.208483	85
91.791817	92.175150	78
91.806400	91.979317	90
91.810567	92.131400	81
91.943900	92.135567	89
92.079317	92.248067	90
92.204317	92.356400	92
92.350150	92.533483	93
92.489733	92.629317	95
92.575150	92.987650	76
92.593900	92.773067	97
92.752233	92.916817	102
92.879317	93.062650	97
92.995983	93.058483	85
93.004317	93.056400	78
93.004317	93.143900	95
93.127233	93.279317	93
93.266817	93.473067	92
93.389733	93.785567	75
93.418900	93.591817	90
93.550150	93.745983	89
93.689733	93.870983	90
93.814733	93.970983	92
93.820983	93.862650	85
93.823067	93.883483	78
93.948067	94.148067	93
94.100150	94.256400	95
94.214733	94.635567	73
94.220983	94.389733	97
94.373067	94.539733	102
94.512650	94.702233	97
94.639733	94.764733	95
94.660567	94.731400	85
94.668900	94.720983	78
94.775150	94.931400	93
94.912650	95.110567	92
95.041817	95.433483	69
95.062650	95.237650	90
95.202233	95.406400	89
95.350150	95.529317	90
95.452233	95.518900	78
95.452233	95.529317	73
95.452233	95.535567	81
95.468900	95.648067	92
95.616817	95.825150	93
95.770983	95.960567	95
95.866817	95.975150	66
95.883483	96.075150	97
96.039733	96.200150	98
96.145983	96.358483	97
96.298067	96.423067	95
96.312650	96.370983	74
96.320983	96.418900	83
96.331400	96.395983	77
96.416817	96.575150	93
96.556400	96.664733	92
96.708483	96.868900	90
96.712650	97.070983	83
96.712650	97.075150	73
96.733483	97.056400	77
96.852233	97.041817	89
96.989733	97.175150	90
97.102233	97.291817	92
97.250150	97.425150	93
97.356400	97.566817	92
97.516817	97.606400	90
97.539733	97.614733	83
97.539733	97.625150	74
97.543900	97.641817	80
98.231400	98.343900	86
98.233483	98.329317	71
98.237650	98.343900	78
98.248067	98.306400	69
98.670983	98.720983	71
98.670983	98.781400	77
98.670983	98.789733	85
98.679317	98.739733	68
99.073067	99.487650	54
99.083483	99.500150	61
99.479317	99.593900	73
99.923067	100.079317	66
99.933483	100.727233	85
100.062650	100.181400	73
100.156400	100.354317	74
100.308483	100.379317	78
100.443900	100.627233	74
100.579317	100.739733	73
100.700150	100.831400	66
100.706400	100.927233	83
100.820983	100.973067	73
100.860567	101.118900	85
100.975150	101.143900	74
101.091817	101.948067	86
101.100150	101.231400	78
101.262650	101.408483	74
101.373067	101.529317	73
101.493900	101.652233	66
101.635567	101.756400	73
101.743900	101.937650	74
101.887650	102.035567	78
101.929317	102.370983	83
102.054317	102.216817	74
102.181400	102.356400	73
102.308483	102.477233	66
102.333483	102.781400	85
102.452233	102.577233	73
102.562650	102.770983	74
102.716817	102.837650	78
102.756400	103.204317	81
102.879317	103.041817	74
102.991817	103.177233	73
103.127233	103.304317	66
103.187650	103.650150	83
103.264733	103.420983	73
103.402233	103.583483	74
103.537650	103.643900	78
103.606400	104.466817	85
103.660567	103.723067	77
103.723067	103.881400	74
103.833483	104.008483	73
103.970983	104.143900	66
104.116817	104.281400	73
104.277233	104.462650	74
104.418900	104.537650	78
104.587650	104.712650	74
104.683483	104.860567	73
104.820983	104.998067	66
104.968900	105.091817	73
105.087650	105.323067	74
105.254317	105.383483	78
105.295983	105.387650	57
105.431400	105.604317	74
105.562650	105.743900	73
105.693900	105.868900	66
105.704317	106.604317	61
105.837650	105.991817	73
105.973067	106.179317	74
106.106400	106.241817	78
106.248067	106.293900	77
106.306400	106.458483	74
106.416817	106.600150	73
106.554317	106.731400	66
106.573067	106.781400	59
106.702233	106.827233	73
106.739733	106.987650	61
106.812650	107.006400	74
106.954317	107.098067	78
106.970983	107.843900	62
107.135567	107.298067	74
107.252233	107.425150	73
107.370983	107.560567	66
107.525150	107.675150	73
107.670983	107.870983	74
107.818900	107.970983	78
107.835567	108.298067	59
107.983483	108.127233	74
108.102233	108.279317	73
108.231400	108.408483	66
108.264733	108.756400	61
108.381400	108.512650	73
108.512650	108.708483	74
108.664733	108.818900	78
108.710567	109.141817	57
108.850150	108.993900	74
108.964733	109.158483	73
109.106400	109.302233	66
109.127233	109.614733	59
109.279317	109.406400	73
109.383483	109.591817	74
109.527233	109.670983	78
109.581400	110.462650	61
109.712650	109.868900	74
109.837650	110.025150	73
109.968900	110.154317	66
110.118900	110.254317	73
110.252233	110.456400	74
110.393900	110.550150	78
110.448067	111.081400	54
110.568900	110.710567	74
110.679317	110.870983	73
110.818900	111.023067	66
110.981400	111.139733	73
111.129317	111.323067	74
111.264733	111.423067	78
111.439733	111.577233	74
111.523067	111.685567	73
111.666817	111.714733	66
112.112650	112.306400	59
112.125150	112.331400	35
112.225150	112.412650	61
112.370983	112.548067	62
112.395983	112.556400	38
112.502233	112.598067	61
112.541817	112.595983	37
112.937650	113.012650	33
112.939733	113.041817	57
113.335567	113.562650	35
113.339733	113.543900	59
113.485567	113.785567	60
113.502233	113.698067	36
113.612650	113.795983	61
113.639733	113.764733	37
113.727233	113.862650	62
113.752233	113.816817	38
114.158483	114.252233	61
114.170983	114.239733	37
114.608483	114.833483	66
114.616817	114.789733	42
114.783483	114.973067	64
114.806400	115.029317	40
114.925150	115.120983	63
114.970983	115.081400	39
115.033483	115.095983	38
115.075150	115.177233	62
115.429317	115.627233	35
115.441817	115.633483	59
115.583483	115.827233	60
115.612650	115.814733	36
115.716817	115.914733	61
115.781400	115.873067	37
115.854317	115.935567	38
115.868900	115.970983	62
116.281400	116.358483	61
116.289733	116.379317	37
116.673067	116.875150	33
116.693900	116.902233	57
116.835567	117.143900	58
116.841817	117.089733	34
117.004317	117.181400	59
117.091817	117.200150	35
117.129317	117.229317	60
117.143900	117.208483	36
117.560567	117.635567	37
117.564733	117.666817	61
117.985567	118.091817	57
118.006400	118.068900	33
118.454317	120.956400	54
118.462650	118.639733	30
119.427233	119.477233	37
119.879317	119.933483	42
120.883483	120.933483	37
121.348067	121.535567	42
121.527233	121.710567	49
121.675150	121.827233	58
121.835567	122.029317	66
121.989733	122.185567	75
122.139733	122.350150	73
122.291817	123.712650	78
122.750150	123.695983	90
