5.444250	6.083837	55
5.488012	5.800512	74
5.800512	6.096319	62
5.800512	6.106756	71
6.090094	6.292181	59
6.098425	6.363012	67
6.404669	6.642156	74
6.702581	6.988012	71
6.992163	7.256750	67
7.260931	7.562994	55
7.275488	7.540075	74
7.540075	7.744238	59
7.550512	7.800512	71
7.817175	8.079656	62
7.827581	8.127569	67
8.085913	8.306738	59
8.092169	8.446325	74
8.356756	8.948431	55
8.377569	8.654669	76
8.652594	8.977575	72
8.656744	8.875494	64
8.908819	9.110906	60
8.929663	9.229681	67
9.219244	9.479681	76
9.508825	9.765081	72
9.777594	10.058844	67
10.056738	10.763006	55
10.069250	10.348425	76
10.350500	10.538000	60
10.350500	10.640081	72
10.623419	10.946325	67
10.627569	10.863012	64
10.908819	11.200506	60
10.929663	11.246344	76
11.196325	11.769262	55
11.240087	11.508825	74
11.494238	11.812994	71
11.498419	11.779669	62
11.781744	12.096319	67
11.783819	11.933844	59
12.067175	12.369238	74
12.352575	12.758825	71
12.663000	13.027594	67
12.952581	13.258825	74
12.956762	13.304663	55
13.235906	13.523413	71
13.244238	13.450506	59
13.519262	13.575506	62
13.535925	13.779669	67
13.871344	14.156744	69
13.881750	14.523413	50
14.181738	14.413000	62
14.490087	14.779669	54
14.494238	14.619238	69
14.788000	15.331762	74
14.808844	15.058844	57
15.133825	15.483831	78
15.142156	15.285925	62
15.475500	15.846319	81
15.479681	15.533819	66
15.829656	16.519262	67
15.856756	16.260931	86
16.173406	16.458837	83
16.173406	16.460913	74
16.452581	16.788000	79
16.456762	16.800512	71
16.748419	17.015081	86
17.035925	17.329656	83
17.323431	17.708837	79
17.594244	17.994238	67
17.608831	17.925512	86
17.888006	18.096319	71
17.910925	18.119238	83
18.171331	18.502569	79
18.179663	18.448431	74
18.458837	18.790075	86
18.462988	18.706762	71
18.731756	19.367163	67
18.742163	19.060919	88
19.027594	19.329656	76
19.033819	19.354681	84
19.300512	19.702581	72
19.317175	19.663000	79
19.604681	19.906744	88
19.894262	20.152594	84
20.181738	20.473425	79
20.469244	20.775488	88
20.500494	20.965094	67
20.752569	21.054663	84
20.763006	20.908819	72
21.038000	21.358831	79
21.042181	21.285925	76
21.319250	21.667181	88
21.325506	21.565069	72
21.598425	22.198431	67
21.619238	21.917181	86
21.904669	22.215094	83
21.917181	22.215094	74
22.204656	22.540075	79
22.208837	22.448431	71
22.515081	22.800512	86
22.817175	23.135931	83
23.135931	23.473425	79
23.462988	23.827581	86
23.462988	23.881750	67
23.808844	24.177587	83
23.815069	24.100500	71
24.202581	24.265081	74
24.204656	24.775488	79
24.806738	25.796331	50
24.823431	25.323431	81
25.346319	25.704656	74
25.733831	26.015081	57
25.742163	25.931738	81
26.125494	26.231756	62
26.133825	26.646337	86
26.552587	27.333837	66
26.569250	27.192175	90
27.240087	27.356756	93
27.258825	27.423406	69
28.219244	28.600500	43
28.221319	28.550512	95
28.521337	28.712988	91
28.725500	28.844244	86
28.725500	28.962988	50
28.900488	29.096319	91
29.079656	29.246344	86
29.096319	29.244238	59
29.246344	29.350500	83
29.419256	29.610906	86
29.460913	29.656744	50
29.600500	29.758825	83
29.785925	29.869238	79
29.823431	30.010931	59
29.979681	30.165075	83
30.179663	30.302587	79
30.202581	30.281744	50
30.369238	30.521337	74
30.625494	30.892156	79
30.627569	31.006750	47
30.850500	31.019262	74
31.038000	31.169256	71
31.067175	31.410925	55
31.235906	31.462988	74
31.446325	31.500494	62
31.452581	31.613012	71
31.658819	31.933844	67
31.883825	32.977575	50
31.921331	32.233831	69
32.292181	32.917181	57
32.808844	32.946325	60
33.306738	33.579656	43
33.306738	33.750494	93
33.325506	33.371344	41
33.858831	34.238012	50
33.883825	34.183844	93
34.115087	34.275488	90
34.312994	34.492163	86
34.321325	34.385931	57
34.494238	34.690069	90
34.642156	34.742163	66
34.665075	34.819250	86
34.829656	34.919256	81
35.010931	35.248419	86
35.050512	35.238012	57
35.200506	35.371344	81
35.388006	35.556738	66
35.406744	35.562994	78
35.598425	35.790075	81
35.763006	35.958837	78
35.773413	35.869238	57
35.971319	36.094244	74
36.169256	36.760931	50
36.210913	36.413000	78
36.417181	36.517431	74
36.577581	36.648413	69
36.594244	36.929663	57
36.779669	37.006750	74
36.962988	37.021337	62
36.975500	37.119238	69
37.156744	37.400488	66
37.381750	37.694250	43
37.400488	37.812994	67
37.779669	38.152594	50
38.135931	38.192175	59
38.156744	38.223425	55
38.477575	38.752569	43
38.490087	38.719244	95
38.679663	38.804663	91
38.833837	38.896337	86
38.842169	39.094244	50
39.002569	39.175512	91
39.173406	39.337988	59
39.177587	39.337988	86
39.344244	39.440069	83
39.515081	39.687994	86
39.538000	39.792181	50
39.679663	39.840094	83
39.860906	39.925512	79
39.877569	40.048406	59
40.031744	40.227575	83
40.227575	40.371344	79
40.263006	40.323431	50
40.421331	40.529669	74
40.615087	40.856756	79
40.625494	41.002569	47
40.817175	40.973425	74
40.983831	41.104681	71
41.008825	41.419256	55
41.175512	41.421331	74
41.379675	41.450506	62
41.402594	41.594244	71
41.613012	41.894262	67
41.823431	42.681738	50
41.877569	42.238012	69
42.252569	42.583837	57
42.621344	42.669256	60
42.998419	43.250494	38
43.035925	43.315069	93
43.242163	43.394262	90
43.421331	43.640081	45
43.425512	43.615087	86
43.606756	43.775488	90
43.779669	43.954656	54
43.779669	43.960913	86
43.956762	44.046331	81
44.152594	44.375494	86
44.167181	44.398413	45
44.337988	44.477575	81
44.519262	44.706762	78
44.546331	44.702581	54
44.708837	44.946325	81
44.904669	45.090094	78
44.929663	44.979681	45
45.108831	45.215094	74
45.333837	45.654669	42
45.356756	45.652594	81
45.585913	45.790075	78
45.798406	46.337988	50
45.806738	46.044256	74
46.062994	46.217169	69
46.325506	46.475500	57
46.346319	46.542181	69
46.644262	47.129675	66
47.094244	47.502569	43
47.104681	47.812994	67
47.535925	47.927587	50
47.902594	48.163000	59
47.908819	48.152594	55
48.250494	48.583837	50
48.592169	48.750494	59
48.596319	48.781744	55
48.906744	49.223425	50
49.229681	49.369238	55
49.233831	49.317175	59
49.592169	49.925512	50
49.994238	50.333837	43
50.408819	50.767156	52
50.748419	50.969244	60
50.748419	50.983831	55
51.079656	51.394262	52
51.392156	51.621344	55
51.396337	51.573431	60
51.735906	52.065069	52
52.081762	52.187994	60
52.081762	52.233831	55
52.446325	52.492163	52
52.821325	53.183844	43
53.185919	53.531744	50
53.525488	53.675512	59
53.531744	53.708837	55
53.856756	54.192175	50
54.198431	54.427587	55
54.219244	54.381750	59
54.546331	54.933844	50
54.929663	55.115087	55
54.937994	55.073431	59
55.292181	55.644262	50
55.712988	57.431738	43
56.406744	57.069250	62
57.065069	57.796331	67
57.742163	58.033819	69
58.452581	58.837988	43
58.496344	58.852575	69
58.871344	59.035925	71
58.877569	59.058844	50
59.177587	59.346319	59
59.190069	59.356756	55
59.215094	59.346319	71
59.517156	59.844244	50
59.523413	61.256750	71
59.848425	59.979681	59
59.848425	60.027594	55
60.152594	60.431738	50
60.450506	60.592169	59
60.462988	60.550512	55
60.769262	61.048406	50
61.092169	61.413000	43
61.425512	61.763006	50
61.744238	61.967169	55
61.758825	61.946325	59
62.033819	62.356756	50
62.046331	62.367163	69
62.354681	62.702581	72
62.358831	62.587988	59
62.360906	62.571325	55
62.663000	62.944250	50
62.663000	62.985906	71
62.967169	63.319250	69
62.969244	63.104681	59
62.983831	63.090094	55
63.283819	63.535925	50
63.294256	63.721319	67
63.619238	63.944250	43
63.646337	63.981756	69
63.960913	64.115087	71
63.960913	64.233831	50
64.254675	64.404669	59
64.256750	64.421331	55
64.279669	64.379675	71
64.579656	67.052587	71
64.585913	64.877569	50
64.898413	65.181738	55
64.910925	65.146337	59
65.217169	65.508825	50
65.533819	65.596319	59
65.533819	65.658819	55
65.833837	66.079656	50
66.183844	66.465094	43
66.494238	66.808844	50
66.810919	67.021337	59
66.821325	67.002569	55
67.073431	67.421331	69
67.094244	67.383825	50
67.400488	67.758825	72
67.413000	67.573431	55
67.413000	67.606756	59
67.700506	68.000494	50
67.708837	68.067175	71
68.025488	68.419256	69
68.042181	68.181738	59
68.042181	68.206762	55
68.352575	68.410925	67
68.356756	68.458837	50
68.712988	69.125494	45
68.729681	69.169256	64
69.123419	69.423406	52
69.131750	69.281744	69
69.429663	69.540075	60
69.429663	69.587988	69
69.435919	69.548406	57
69.725500	70.044256	52
69.744238	72.410925	69
70.042181	70.192175	60
70.046331	70.212988	57
70.325506	70.629675	52
70.644262	70.785925	60
70.650488	70.804663	57
70.950506	71.190069	52
71.306738	71.558844	45
71.650488	72.029669	50
72.017156	72.298406	60
72.042181	72.302587	52
72.373419	72.796331	50
72.606756	72.802587	67
72.802587	73.150488	69
72.810919	73.044256	52
72.821325	73.096319	60
73.131750	73.477575	67
73.154669	73.444250	50
73.469244	73.623419	60
73.469244	73.679663	52
73.469244	73.865087	69
73.846319	74.288000	67
73.852575	73.921331	50
74.254675	74.665075	69
74.279669	74.760931	50
74.625494	74.894262	55
74.648413	74.802587	71
74.929663	75.129675	62
74.956762	75.110906	71
74.956762	75.119238	59
75.244238	75.533819	55
75.258825	76.948431	71
75.567175	75.729681	62
75.577581	75.719244	59
75.856756	76.192175	55
76.208837	76.365087	59
76.212988	76.358831	62
76.498419	76.556738	55
76.846319	77.810919	50
77.485906	78.102575	74
77.802587	77.875494	62
77.804663	77.858831	57
78.150488	78.837988	79
78.460913	78.602575	66
78.471319	78.548406	62
78.471319	78.552587	72
78.810919	79.092169	81
79.437994	79.763006	55
79.465094	79.769262	81
79.779669	79.925512	83
79.788000	80.021337	62
80.075506	80.183844	71
80.081762	80.202581	83
80.083837	80.190069	67
80.375494	80.650488	62
80.381750	82.233831	83
80.683844	80.852575	71
80.696325	80.865087	67
80.981756	81.225500	62
81.275488	81.413000	71
81.285925	81.402594	67
81.573431	81.794256	62
81.881750	82.152594	55
82.221319	82.471319	62
82.515081	82.696325	71
82.523413	82.687994	67
82.788000	83.117163	81
82.790075	83.096319	62
83.098425	83.413000	84
83.110906	83.285925	71
83.110906	83.312994	67
83.385931	83.712988	83
83.392156	83.656744	62
83.690069	84.019262	81
83.698431	83.827581	71
83.700506	83.821325	67
84.006750	84.200506	62
84.006750	84.410925	79
84.333837	84.583837	55
84.363012	84.660925	81
84.669256	84.900488	62
84.679663	84.821325	83
84.954656	85.094244	71
84.967169	85.075506	67
84.981756	85.106756	83
85.263006	85.542181	62
85.267156	87.687994	83
85.554663	85.683844	71
85.562994	85.673406	67
85.858831	86.146337	62
86.152594	86.304663	67
86.154669	86.310919	71
86.462988	86.687994	62
86.788000	87.054663	55
87.096319	87.371344	62
87.404669	87.573431	71
87.410925	87.573431	67
87.694250	88.000494	81
87.702581	87.977575	62
87.992163	88.335913	84
88.002569	88.183844	71
88.006750	88.179663	67
88.296331	88.596319	62
88.304663	88.679663	83
88.638006	88.967169	81
88.642156	88.812994	71
88.648413	88.823431	67
88.950506	89.004675	79
88.962988	89.044256	62
89.290075	89.577581	57
89.319250	89.623419	76
89.617163	89.871344	64
89.638006	89.779669	81
89.910925	90.067175	72
89.925512	90.073431	69
89.925512	90.096319	81
90.221319	90.515081	64
90.233831	92.442175	81
90.533819	90.679663	72
90.533819	90.696325	69
90.821325	91.113012	64
91.140081	91.342169	69
91.152594	91.346319	72
91.433844	91.585913	64
91.771337	92.446325	60
92.100500	92.427587	63
92.423406	92.660925	67
92.431738	92.669256	72
92.704656	93.075506	63
92.717169	93.102575	79
93.090094	93.458837	81
93.096319	93.329656	67
93.098669	93.329656	72
93.423406	93.808844	63
93.437994	93.835913	79
93.825506	94.246344	81
93.835913	94.000494	67
93.846319	94.010931	72
94.165075	94.233831	63
94.221319	94.758825	79
94.573431	94.948431	55
94.675512	95.031744	81
94.996344	95.256750	62
95.010931	95.144262	79
95.285925	95.419256	79
95.296331	95.404669	67
95.296331	95.421331	71
95.608831	97.944250	79
95.613012	95.883825	62
95.915075	96.056738	71
95.921331	96.033819	67
96.227575	96.548406	62
96.562994	96.710913	67
96.573431	96.719244	71
96.892156	96.956762	62
97.283819	98.454656	62
97.321325	98.440069	66
97.427587	98.431738	69
97.485906	98.423406	72
98.942175	99.479681	50
100.079656	100.396337	95
100.083837	100.363012	43
100.350500	100.515081	91
100.515081	100.785925	50
100.527594	100.621344	86
100.696325	100.860906	91
100.852575	100.990087	86
100.852575	101.013006	59
101.006750	101.079656	83
101.152594	101.300512	86
101.183844	101.402594	50
101.302587	101.440069	83
101.458837	101.529669	79
101.500494	101.640081	59
101.613012	101.781744	83
101.775488	101.883825	79
101.819250	101.919256	50
101.931738	102.015081	74
102.115087	102.354681	79
102.123419	102.229681	45
102.133825	102.600500	47
102.321325	102.454656	74
102.479681	102.577581	71
102.523413	102.898413	55
102.648413	102.852575	74
102.840094	102.990087	71
102.896337	102.969244	62
103.023413	103.198431	67
103.194250	103.877569	50
103.227575	103.508825	69
103.550512	103.806738	57
103.865087	103.915075	60
104.652594	104.971319	38
104.700506	104.962988	93
104.919256	105.083837	90
105.092169	105.200506	45
105.098425	105.254675	86
105.258825	105.392156	90
105.369238	105.440069	54
105.404669	105.531744	86
105.540075	105.609106	81
105.692175	105.860906	86
105.702581	105.894262	45
105.844244	105.992163	81
105.983831	106.133825	78
106.002569	106.115087	54
106.140081	106.319250	81
106.267156	106.379675	45
106.275488	106.410925	78
106.398413	106.502569	74
106.604681	106.781744	78
106.604681	106.892156	42
106.790075	106.917181	74
106.937994	107.050512	69
106.990087	107.304663	50
107.115087	107.356756	74
107.290075	107.465094	69
107.294256	107.358831	57
107.471319	107.638006	66
107.642156	107.894262	43
107.656744	107.990087	67
107.988012	108.231756	50
108.273413	108.348425	59
108.279669	108.369238	55
108.560919	108.765081	95
108.594244	108.723425	43
108.631750	108.687994	45
108.719244	108.846319	91
108.856756	108.921331	86
108.865087	109.185919	50
109.004675	109.171331	91
109.163000	109.312994	86
109.179663	109.329656	55
109.190069	109.298406	59
109.321325	109.408819	83
109.467169	109.623419	86
109.475500	109.719244	50
109.604681	109.758825	83
109.760931	109.827581	79
109.783819	109.863012	59
109.783819	109.871344	55
109.919256	110.125494	83
110.071325	110.208837	79
110.083837	110.160925	50
110.227575	110.325506	74
110.379675	110.619238	79
110.394262	110.727575	47
110.546331	110.685919	74
110.702581	110.954656	55
110.704656	110.763006	69
110.715094	110.773413	71
110.850500	111.021337	74
110.998419	111.123419	71
111.021337	111.077581	62
111.183844	111.256750	65
111.187994	111.258825	67
111.310919	111.894262	50
111.331762	111.658819	69
111.644262	111.877569	57
111.942175	111.981756	60
112.242163	112.427587	38
112.263006	112.477575	93
112.425512	112.573431	90
112.573431	112.729681	45
112.579656	112.744238	86
112.733831	112.915075	90
112.871344	113.002569	54
112.883825	113.035925	86
113.029669	113.094244	81
113.194250	113.396337	86
113.206762	113.385931	45
113.340094	113.513006	81
113.498419	113.642156	78
113.508825	113.648413	54
113.663000	113.869238	81
113.802587	113.873419	45
113.810919	113.975500	78
113.981756	114.060919	74
114.158819	114.450506	42
114.175512	114.369238	78
114.375494	114.515081	74
114.527594	114.644262	69
114.558844	114.929663	50
114.717169	114.996344	74
114.913000	115.117163	69
114.931738	114.998419	57
115.146337	115.594244	66
115.542181	115.948431	43
115.577581	116.327581	67
116.015081	118.379675	50
116.337988	118.248419	55
116.344244	118.265081	59
116.587988	116.706762	62
116.819250	116.869238	67
116.833837	116.917181	71
117.067175	117.210913	74
117.317175	117.367163	79
117.344244	117.413000	83
117.625494	118.113012	86
118.121344	118.181738	91
118.121344	118.196325	95
