3.554333	3.712667	68
3.850167	3.989750	46
3.960583	4.300167	68
4.312667	4.527250	70
4.539750	4.787667	61
4.554333	4.814750	68
4.571000	4.823083	53
5.364750	5.514750	73
5.616833	5.796000	46
5.714750	5.993917	73
5.979333	6.171000	75
6.183500	6.385583	73
6.202250	6.306417	61
6.221000	6.373083	53
6.383500	6.535583	72
6.552250	6.729333	73
6.564750	6.618917	61
6.585583	6.664750	53
6.775167	6.871000	74
6.977250	7.173083	47
7.000167	7.127250	74
7.091833	7.943917	77
7.583500	7.725167	54
7.591833	7.731417	63
7.618917	7.675167	56
7.908500	7.960583	63
7.916833	8.012667	75
7.921000	7.971000	54
7.933500	7.983500	56
8.241833	8.498083	49
8.377250	8.666833	68
8.654333	8.825167	70
8.798083	8.887667	68
8.814750	8.893917	53
8.816833	8.877250	59
8.964750	9.085583	68
9.081417	9.158500	70
9.152250	9.439750	68
9.379333	9.612667	53
9.391833	9.518917	59
9.448083	9.677250	67
9.673083	9.898083	68
9.885583	10.106417	69
9.939750	10.218917	42
10.135583	10.604333	70
10.643917	10.879333	49
10.656417	10.848083	58
10.668917	10.896000	66
10.891833	10.962667	70
11.156417	11.429333	71
11.175167	11.496000	49
11.185583	11.366833	58
11.439750	11.516833	72
11.662667	11.714750	73
11.748083	11.827250	75
11.783500	11.954333	46
11.796000	12.118917	73
12.150167	12.358500	72
12.383500	12.523083	54
12.389750	12.575167	73
12.393917	12.537667	61
12.600167	12.785583	82
12.793917	13.016833	80
12.812667	12.862667	61
12.812667	12.881417	54
12.989750	13.304333	78
13.185583	13.356417	47
13.293917	13.721000	77
13.671000	13.810583	55
13.671000	13.814750	63
14.002250	14.071000	63
14.029333	14.139750	56
14.093917	14.177250	75
14.493917	14.621000	49
14.541833	14.633500	68
14.646000	14.768917	70
14.737667	14.873083	68
14.848083	14.912667	53
14.881417	14.958500	67
14.883500	14.943917	59
15.056417	15.212667	68
15.264750	15.518917	71
15.283500	15.337667	59
15.304333	15.368917	53
15.510583	15.766833	70
15.700167	15.789750	42
15.758500	15.833500	66
16.062667	16.279333	60
16.296000	16.375167	61
16.300167	16.373083	49
16.300167	16.377250	58
16.496000	16.775167	65
16.727250	16.791833	58
16.727250	16.835583	49
16.737667	17.077250	66
17.018917	17.156417	70
17.266833	17.589750	46
17.346000	17.662667	73
17.654333	17.875167	75
17.927250	18.210583	73
17.941833	18.012667	54
18.189750	18.464750	72
18.441833	18.548083	61
18.446000	18.546000	54
18.466833	18.666833	73
18.714750	18.808500	74
18.937667	19.083500	74
18.946000	19.121000	47
19.043917	19.975167	77
19.529333	19.623083	54
19.537667	19.637667	63
19.573083	19.625167	56
19.937667	19.991833	63
19.954333	20.014750	54
19.954333	20.031417	75
19.964750	20.029333	56
20.356417	20.541833	49
20.423083	20.777250	68
20.764750	20.893917	70
20.918917	20.975167	68
20.996000	21.112667	70
21.104333	21.385583	53
21.106417	21.381417	68
21.123083	21.358500	59
21.396000	21.656417	67
21.733500	21.937667	53
21.733500	22.004333	68
21.752250	21.925167	59
22.006417	22.331417	69
22.293917	22.456417	42
22.341833	22.737667	70
22.760583	22.889750	49
22.775167	22.893917	58
22.787667	23.025167	66
22.996000	23.148083	70
23.243917	23.485583	71
23.260583	23.450167	49
23.266833	23.416833	58
23.475167	23.525167	72
23.687667	23.754333	73
23.750167	23.808500	75
23.783500	23.946000	46
23.808500	24.131417	73
24.112667	24.387667	72
24.375167	24.921000	73
24.406417	24.535583	54
24.421000	24.539750	61
24.841833	25.058500	82
25.118917	25.398083	82
25.402250	25.543917	80
25.635583	25.883500	54
25.637667	25.806417	61
25.637667	25.912667	80
25.883500	26.110583	78
26.071000	26.191833	77
26.214750	26.398083	47
26.300167	27.175167	77
26.737667	26.906417	55
26.741833	26.898083	63
27.123083	27.183500	63
27.135583	27.237667	56
27.156417	27.331417	75
27.602250	27.956417	49
27.685583	27.956417	68
27.948083	28.071000	70
28.058500	28.139750	68
28.137667	28.268917	70
28.223083	28.352250	68
28.337667	28.716833	67
28.402250	28.835583	53
28.410583	28.796000	59
28.704333	29.008500	68
28.962667	29.225167	71
29.189750	29.498083	70
29.371000	29.621000	42
29.496000	30.264750	66
29.989750	30.281417	49
29.998083	30.196000	58
30.427250	30.493917	70
30.577250	30.673083	70
30.748083	30.843917	34
30.766833	30.831417	46
30.783500	31.273083	70
31.604333	31.708500	70
31.610583	31.718917	65
31.612667	31.668917	56
31.633500	31.683500	58
31.810583	31.937667	70
32.068917	32.427250	65
32.071000	32.381417	55
32.077250	32.654333	70
32.087667	32.498083	58
32.775167	32.877250	63
32.783500	32.843917	54
32.789750	32.898083	70
32.800167	32.848083	58
33.091833	33.221000	70
33.260583	35.573083	53
33.343917	35.639750	58
33.423083	35.637667	62
33.460583	33.716833	70
33.948083	33.991833	70
33.952250	34.006417	82
34.058500	34.114750	70
34.064750	34.125167	82
34.160583	34.239750	82
34.164750	34.206417	70
34.535583	34.573083	82
34.546000	34.600167	70
34.646000	34.704333	82
34.654333	34.691833	70
34.781417	34.856417	82
34.785583	34.841833	70
35.206417	35.254333	82
35.210583	35.248083	70
35.506417	35.571000	82
35.514750	35.571000	70
35.806417	35.923083	70
35.810583	35.954333	82
38.048083	38.189750	65
38.054333	38.148083	82
38.058500	38.235583	58
38.062667	38.139750	70
38.062667	38.191833	56
38.287667	38.416833	82
38.291833	38.393917	70
38.593917	38.889750	55
38.593917	38.998083	58
38.593917	39.110583	82
38.598083	38.933500	64
38.598083	39.118917	70
39.646000	39.721000	63
39.646000	39.748083	54
39.646000	39.748083	82
39.654333	39.725167	70
39.662667	39.708500	58
39.975167	40.083500	82
39.979333	40.046000	70
40.198083	41.087667	53
40.271000	40.996000	58
40.327250	40.977250	62
40.454333	40.654333	82
40.458500	40.646000	70
40.946000	40.993917	82
40.954333	41.004333	70
41.068917	41.135583	70
41.077250	41.131417	82
41.181417	41.227250	82
41.185583	41.218917	70
41.527250	41.566833	82
41.533500	41.583500	70
41.708500	41.793917	70
41.714750	41.779333	82
41.952250	41.993917	82
41.956417	42.004333	70
42.404333	42.452250	70
42.412667	42.460583	58
42.675167	42.729333	70
42.704333	42.762667	58
42.877250	43.050167	34
42.954333	43.077250	46
42.998083	43.060583	70
43.021000	43.093917	58
43.491833	43.602250	56
43.506417	43.593917	46
43.527250	43.668917	62
43.531417	43.606417	53
43.631417	43.764750	63
43.756417	43.800167	56
43.756417	43.837667	65
43.764750	43.814750	62
43.787667	43.839750	46
43.796000	43.854333	53
44.089750	44.148083	39
44.106417	44.248083	58
44.450167	44.521000	46
44.464750	44.527250	51
44.464750	44.533500	55
44.468917	44.623083	63
44.571000	44.725167	65
44.689750	44.806417	67
44.702250	44.848083	63
44.712667	44.816833	46
44.716833	44.768917	51
44.721000	44.764750	55
45.000167	45.068917	34
45.035583	45.191833	58
45.346000	45.475167	46
45.360583	45.423083	56
45.381417	45.546000	65
45.402250	45.510583	53
45.502250	45.652250	67
45.612667	45.760583	68
45.637667	45.771000	65
45.643917	45.696000	56
45.656417	45.752250	46
45.685583	45.741833	53
45.956417	46.081417	39
46.008500	46.298083	70
46.008500	46.304333	61
46.025167	46.225167	67
46.360583	46.506417	46
46.375167	46.454333	55
46.398083	46.471000	49
46.679333	46.746000	40
46.683500	46.729333	70
46.689750	46.739750	61
46.714750	46.787667	67
46.798083	46.879333	70
46.802250	46.848083	61
46.823083	46.881417	67
46.939750	47.131417	70
46.956417	47.141833	61
46.956417	47.150167	41
46.956417	47.173083	67
47.268917	47.473083	72
47.283500	47.335583	53
47.283500	47.383500	44
47.410583	47.589750	70
47.554333	47.677250	32
47.577250	47.662667	68
47.591833	47.637667	62
47.873083	47.927250	34
47.885583	47.943917	32
47.891833	48.043917	68
47.900167	47.960583	59
48.204333	48.271000	51
48.212667	48.404333	70
48.216833	48.296000	43
48.321000	48.502250	68
48.471000	48.514750	51
48.483500	48.548083	43
48.491833	48.560583	67
48.512667	48.562667	58
48.758500	48.808500	34
48.787667	48.873083	58
48.796000	48.941833	67
49.081417	49.241833	50
49.083500	49.204333	41
49.100167	49.400167	68
49.246000	49.429333	67
49.385583	49.493917	65
49.416833	49.483500	50
49.431417	49.477250	56
49.718917	49.762667	56
49.718917	49.837667	65
49.725167	50.162667	39
50.046000	50.366833	67
50.048083	50.154333	51
50.073083	50.137667	46
50.179333	50.393917	65
50.343917	50.398083	51
50.348083	50.471000	63
50.371000	50.427250	55
50.387667	50.443917	46
50.668917	50.739750	34
50.675167	50.793917	58
50.987667	51.071000	56
50.987667	51.077250	46
50.996000	51.141833	62
51.048083	51.125167	53
51.104333	51.277250	63
51.256417	51.337667	62
51.266833	51.308500	56
51.266833	51.383500	65
51.279333	51.385583	46
51.291833	51.348083	53
51.543917	51.602250	39
51.562667	51.673083	58
51.856417	51.931417	46
51.864750	52.060583	63
51.875167	51.962667	55
51.877250	51.941833	51
51.996000	52.171000	65
52.118917	52.291833	67
52.131417	52.310583	63
52.133500	52.204333	46
52.135583	52.204333	51
52.143917	52.193917	55
52.406417	52.568917	38
52.508500	52.748083	58
52.858500	53.023083	65
52.860583	52.960583	46
52.864750	52.931417	56
52.891833	52.993917	53
52.971000	53.104333	67
53.054333	53.216833	68
53.093917	53.225167	65
53.102250	53.141833	56
53.121000	53.175167	53
53.127250	53.183500	46
53.368917	53.521000	39
53.460583	53.764750	70
53.466833	53.689750	67
53.466833	53.760583	61
53.796000	53.914750	46
53.800167	53.850167	55
53.846000	53.918917	49
54.100167	54.158500	40
54.100167	54.168917	70
54.118917	54.168917	61
54.143917	54.310583	67
54.227250	54.279333	70
54.239750	54.289750	61
54.346000	54.510583	70
54.348083	54.510583	61
54.373083	54.589750	67
54.377250	54.539750	41
54.658500	54.864750	72
54.662667	54.714750	53
54.675167	54.739750	44
54.789750	54.962667	70
54.918917	54.971000	32
54.929333	55.029333	68
54.941833	54.985583	62
55.168917	55.212667	34
55.187667	55.316833	68
55.193917	55.243917	59
55.477250	55.775167	70
55.489750	55.573083	51
55.489750	55.610583	43
55.566833	55.789750	68
55.746000	55.791833	51
55.752250	55.860583	67
55.764750	55.812667	43
55.771000	55.818917	58
56.052250	56.098083	34
56.071000	56.187667	67
56.079333	56.125167	58
56.396000	56.525167	50
56.400167	56.510583	41
56.425167	56.746000	68
56.543917	56.760583	67
56.727250	56.787667	50
56.746000	56.787667	56
56.746000	56.796000	46
56.746000	56.802250	65
57.083500	57.125167	39
57.098083	57.146000	63
57.112667	57.164750	55
57.479333	57.591833	55
57.483500	57.546000	46
57.764750	57.823083	55
57.777250	57.908500	46
57.991833	58.035583	39
58.218917	58.279333	46
58.381417	58.439750	55
58.391833	58.466833	46
58.589750	58.633500	39
58.841833	58.908500	46
58.864750	58.912667	55
59.068917	59.185583	46
59.079333	59.141833	55
59.335583	59.373083	39
59.704333	59.779333	46
59.704333	59.789750	55
60.016833	60.075167	55
60.025167	60.129333	46
60.291833	60.416833	39
60.341833	60.387667	63
60.475167	60.529333	63
60.598083	60.662667	46
60.604333	60.648083	63
60.604333	60.668917	55
60.731417	60.777250	63
60.848083	60.910583	55
60.856417	60.935583	46
60.858500	60.993917	63
61.096000	61.152250	39
61.100167	61.227250	55
61.218917	61.341833	58
61.323083	61.381417	63
61.348083	61.406417	46
61.383500	61.450167	55
61.473083	61.554333	67
61.600167	61.712667	72
61.614750	61.662667	55
61.618917	61.714750	46
61.841833	61.883500	39
61.841833	61.956417	72
61.889750	62.033500	71
62.175167	62.410583	71
62.191833	62.289750	51
62.200167	62.298083	61
62.204333	62.339750	70
62.216833	62.350167	55
62.458500	62.556417	70
62.477250	62.568917	61
62.483500	62.589750	69
62.510583	62.571000	55
62.510583	62.581417	51
62.675167	62.833500	69
62.716833	62.789750	51
62.725167	62.785583	61
62.741833	62.814750	68
62.764750	62.837667	55
62.962667	63.048083	68
62.983500	63.091833	61
62.991833	63.075167	51
63.000167	63.104333	67
63.018917	63.116833	55
63.268917	63.402250	65
63.273083	63.343917	51
63.273083	63.408500	66
63.273083	63.414750	67
63.296000	63.350167	55
63.685583	63.852250	39
63.814750	63.921000	65
64.006417	64.112667	65
64.212667	64.287667	65
64.252250	64.308500	51
64.398083	64.473083	63
64.587667	64.643917	62
64.587667	64.708500	51
64.598083	64.710583	63
64.614750	64.671000	55
64.906417	64.950167	39
64.925167	65.050167	60
65.075167	65.210583	63
65.198083	65.239750	68
65.246000	65.321000	51
65.298083	65.362667	55
65.335583	65.427250	72
65.496000	65.546000	62
65.506417	65.606417	77
65.514750	65.598083	51
65.546000	65.602250	55
65.760583	65.864750	77
65.762667	65.802250	39
65.789750	65.962667	76
66.048083	66.266833	76
66.066833	66.193917	51
66.089750	66.204333	75
66.102250	66.158500	62
66.108500	66.179333	55
66.283500	66.379333	75
66.304333	66.373083	74
66.318917	66.404333	62
66.335583	66.406417	51
66.354333	66.418917	55
66.512667	66.677250	74
66.546000	66.631417	62
66.552250	66.641833	55
66.581417	66.643917	51
66.754333	66.889750	73
66.785583	66.862667	74
66.798083	66.912667	62
66.814750	66.885583	51
66.831417	66.896000	55
67.000167	67.125167	72
67.016833	67.125167	51
67.025167	67.073083	62
67.035583	67.091833	55
67.293917	67.331417	39
67.302250	67.354333	51
67.302250	67.373083	71
67.433500	67.489750	71
67.558500	67.637667	71
67.573083	67.652250	56
67.598083	67.654333	51
67.691833	67.762667	71
67.808500	67.927250	71
67.843917	67.904333	64
67.868917	67.933500	55
67.904333	67.977250	51
68.033500	68.091833	68
68.154333	68.218917	71
68.260583	68.462667	74
68.383500	68.493917	77
68.452250	68.512667	83
68.727250	68.860583	83
68.746000	68.804333	51
68.748083	68.787667	39
68.812667	68.921000	82
69.073083	69.125167	82
69.073083	69.189750	81
69.079333	69.129333	83
69.098083	69.175167	62
69.116833	69.191833	51
69.273083	69.425167	81
69.323083	69.408500	62
69.329333	69.412667	80
69.356417	69.418917	55
69.502250	69.621000	81
69.523083	69.723083	80
69.558500	69.643917	62
69.581417	69.660583	51
69.712667	69.825167	79
69.966833	70.116833	79
69.973083	70.129333	78
69.996000	70.048083	58
69.996000	70.066833	51
69.998083	70.064750	62
70.285583	70.379333	77
70.306417	70.406417	39
70.333500	70.429333	51
70.381417	70.435583	91
70.758500	70.871000	91
70.810583	70.958500	90
70.827250	70.910583	62
70.837667	70.908500	51
70.852250	70.914750	55
70.864750	70.921000	58
71.046000	71.162667	90
71.066833	71.177250	89
71.075167	71.191833	62
71.102250	71.158500	58
71.118917	71.196000	51
71.129333	71.196000	55
71.289750	71.423083	89
71.308500	71.429333	62
71.337667	71.464750	88
71.339750	71.398083	58
71.381417	71.437667	55
71.521000	71.748083	88
71.564750	71.641833	62
71.575167	71.679333	87
71.581417	71.635583	58
71.593917	71.673083	55
71.746000	71.852250	87
71.779333	71.904333	86
71.783500	71.896000	62
71.793917	71.871000	58
71.825167	71.887667	51
71.996000	72.125167	86
72.033500	72.183500	62
72.033500	72.223083	85
72.035583	72.200167	51
72.043917	72.189750	58
72.056417	72.129333	56
72.300167	72.393917	85
72.310583	72.412667	84
72.343917	72.425167	62
72.358500	72.416833	58
72.364750	72.418917	56
72.379333	72.439750	51
72.539750	72.637667	84
72.552250	72.612667	86
72.554333	72.656417	83
72.573083	72.648083	62
72.579333	72.668917	51
72.589750	72.641833	58
72.589750	72.648083	56
72.771000	72.927250	83
72.816833	72.898083	62
72.825167	72.881417	58
72.825167	72.931417	82
72.837667	72.891833	56
72.837667	72.908500	51
73.031417	73.146000	82
73.050167	73.185583	81
73.060583	73.164750	62
73.066833	73.131417	58
73.081417	73.154333	51
73.083500	73.137667	56
73.358500	73.412667	80
73.373083	73.414750	58
73.373083	73.466833	51
73.387667	73.435583	56
73.431417	73.475167	81
73.848083	73.937667	51
73.852250	73.925167	39
73.889750	73.927250	87
73.889750	73.929333	75
74.556417	74.648083	72
74.556417	74.675167	80
74.560583	74.612667	68
74.562667	74.616833	63
74.664750	74.764750	82
74.733500	74.818917	80
74.735583	74.802250	84
74.741833	74.783500	72
74.748083	74.837667	63
74.752250	74.814750	68
74.960583	75.014750	75
75.110583	75.152250	39
75.110583	75.183500	51
75.131417	75.196000	75
75.131417	75.216833	87
75.481417	75.546000	63
75.487667	75.543917	68
75.496000	75.554333	72
75.496000	75.604333	79
75.548083	75.691833	80
75.648083	75.743917	82
75.664750	75.727250	79
75.677250	75.775167	63
75.685583	75.721000	72
75.696000	75.739750	68
75.998083	76.058500	39
76.021000	76.071000	51
76.025167	76.062667	87
76.033500	76.079333	75
76.393917	76.541833	77
76.483500	76.625167	79
76.614750	76.739750	80
76.629333	76.671000	70
76.629333	76.771000	77
77.023083	77.160583	39
77.056417	77.187667	51
77.125167	77.696000	82
77.131417	77.671000	79
77.135583	77.591833	70
77.548083	77.616833	58
77.552250	77.675167	67
77.560583	77.621000	63
77.827250	77.868917	67
77.837667	77.889750	63
77.837667	77.946000	58
77.879333	77.923083	82
77.998083	78.058500	82
78.129333	78.164750	34
78.135583	78.181417	46
78.139750	78.333500	82
78.150167	78.264750	70
78.154333	78.306417	77
78.541833	78.725167	80
78.554333	78.641833	56
78.556417	78.662667	65
78.585583	78.656417	62
78.604333	78.671000	58
78.698083	78.856417	79
78.835583	78.983500	77
78.848083	78.893917	62
78.852250	78.898083	56
78.856417	78.898083	65
78.860583	78.912667	58
79.129333	79.168917	39
79.137667	79.193917	51
79.154333	79.258500	70
79.154333	79.362667	82
79.156417	79.368917	77
79.452250	79.525167	58
79.460583	79.662667	79
79.487667	79.543917	63
79.618917	79.975167	77
79.810583	80.054333	58
79.814750	79.935583	67
79.814750	80.041833	63
79.858500	80.152250	75
80.308500	80.683500	75
80.685583	80.881417	39
80.704333	80.900167	51
80.858500	81.033500	73
81.143917	81.210583	51
81.146000	81.293917	39
81.293917	81.571000	75
81.548083	81.675167	34
81.583500	81.700167	46
81.641833	81.812667	74
81.804333	81.946000	75
81.971000	82.121000	77
81.996000	82.091833	62
81.998083	82.066833	56
82.033500	82.123083	53
82.281417	82.352250	58
82.283500	82.329333	62
82.291833	82.650167	77
82.302250	82.371000	53
82.304333	82.354333	56
82.608500	82.650167	39
82.616833	82.698083	51
82.650167	83.441833	75
83.129333	83.264750	67
83.135583	83.214750	58
83.139750	83.208500	63
83.506417	83.554333	67
83.512667	83.573083	63
83.512667	83.577250	58
83.696000	83.752250	75
83.706417	83.756417	63
83.925167	84.027250	56
83.943917	83.996000	44
83.954333	84.043917	63
83.954333	84.046000	75
84.314750	84.458500	68
84.331417	84.398083	60
84.335583	84.391833	56
84.335583	84.402250	51
84.412667	84.558500	70
84.521000	84.612667	72
84.527250	84.643917	51
84.529333	84.581417	60
84.529333	84.621000	68
84.543917	84.604333	56
84.823083	84.873083	56
84.829333	84.875167	44
84.835583	84.929333	75
84.837667	84.900167	63
85.146000	85.212667	51
85.152250	85.321000	68
85.156417	85.212667	56
85.179333	85.252250	59
85.256417	85.421000	70
85.358500	85.408500	59
85.368917	85.466833	71
85.371000	85.425167	56
85.371000	85.471000	51
85.393917	85.496000	68
85.635583	85.673083	39
85.650167	85.748083	75
85.656417	85.710583	51
85.664750	85.718917	63
86.018917	86.210583	67
86.054333	86.108500	46
86.066833	86.123083	55
86.146000	86.302250	68
86.260583	86.371000	70
86.283500	86.327250	67
86.283500	86.364750	51
86.287667	86.331417	55
86.293917	86.373083	46
86.675167	86.748083	37
86.691833	86.837667	39
86.700167	87.196000	67
86.700167	87.202250	70
86.700167	87.204333	58
87.081417	87.216833	46
87.098083	87.166833	51
87.146000	87.204333	55
87.421000	87.473083	55
87.427250	87.525167	70
87.427250	87.552250	46
87.431417	87.487667	51
87.435583	87.481417	58
87.662667	87.721000	58
87.662667	87.787667	70
87.821000	87.937667	34
87.873083	88.102250	70
87.887667	88.023083	58
87.896000	88.106417	65
88.231417	88.341833	46
88.239750	88.298083	56
88.254333	88.450167	68
88.260583	88.350167	53
88.406417	88.575167	67
88.552250	88.593917	56
88.556417	88.706417	65
88.568917	88.623083	53
88.568917	88.654333	46
89.062667	89.310583	39
89.102250	89.593917	70
89.110583	89.421000	58
89.114750	89.554333	65
89.558500	89.668917	46
89.581417	89.683500	55
89.581417	89.816833	67
89.585583	89.643917	51
89.760583	90.481417	65
89.966833	90.148083	46
89.977250	90.031417	55
89.977250	90.073083	51
90.008500	90.281417	63
90.471000	90.700167	32
90.510583	90.752250	44
90.650167	91.087667	72
90.656417	91.123083	63
91.216833	91.285583	63
91.216833	91.308500	56
91.216833	91.325167	44
91.225167	91.300167	72
91.252250	91.316833	51
91.373083	91.446000	63
91.379333	91.466833	72
91.525167	91.650167	63
91.529333	91.675167	72
91.531417	91.673083	56
91.535583	91.596000	44
91.560583	91.616833	51
91.968917	92.139750	51
92.000167	92.127250	55
92.000167	92.139750	43
92.010583	92.125167	71
92.029333	92.091833	62
92.175167	92.262667	62
92.179333	92.266833	71
92.208500	92.258500	55
92.208500	92.264750	51
92.237667	92.548083	43
92.323083	92.416833	71
92.329333	92.377250	62
92.331417	92.389750	51
92.331417	92.396000	55
92.460583	92.508500	62
92.460583	92.512667	51
92.460583	92.535583	71
92.475167	92.527250	55
92.585583	92.658500	55
92.585583	92.662667	71
92.585583	92.664750	62
92.585583	92.685583	51
92.602250	92.656417	43
93.027250	93.173083	42
93.031417	93.185583	70
93.041833	93.162667	54
93.052250	93.152250	61
93.066833	93.139750	49
93.246000	93.306417	61
93.248083	93.310583	54
93.252250	93.312667	66
93.252250	93.323083	70
93.266833	93.321000	49
93.306417	93.360583	42
93.389750	93.443917	66
93.391833	93.443917	61
93.391833	93.450167	70
93.391833	93.456417	54
93.398083	93.448083	49
93.433500	93.504333	42
93.516833	93.577250	66
93.523083	93.579333	61
93.525167	93.610583	54
93.533500	93.585583	49
93.533500	93.587667	70
93.566833	93.771000	42
93.658500	93.746000	66
93.658500	93.771000	61
93.664750	93.783500	70
93.675167	93.810583	54
93.679333	93.746000	49
94.046000	94.183500	53
94.048083	94.546000	41
94.054333	94.191833	69
94.054333	94.391833	48
94.066833	94.173083	60
94.071000	94.143917	65
94.246000	94.346000	53
94.246000	94.350167	65
94.246000	94.356417	60
94.246000	94.375167	69
94.439750	94.543917	53
94.448083	94.558500	60
94.448083	94.566833	69
94.450167	94.560583	48
94.454333	94.541833	65
94.673083	94.839750	41
94.679333	94.848083	69
94.681417	94.866833	48
94.685583	94.968917	60
94.693917	94.810583	53
95.000167	95.156417	53
95.012667	95.150167	48
95.023083	95.308500	67
95.054333	95.114750	41
95.302250	95.473083	69
95.529333	95.673083	60
95.589750	95.756417	64
95.637667	95.856417	67
95.673083	96.168917	48
95.710583	96.102250	72
96.204333	96.300167	60
96.204333	96.300167	52
96.204333	96.381417	67
96.346000	96.543917	65
96.491833	96.554333	60
96.508500	96.596000	55
96.516833	96.608500	64
96.904333	97.431417	47
96.971000	97.264750	74
97.006417	97.064750	62
97.377250	97.435583	59
97.379333	97.437667	55
97.379333	97.533500	71
97.506417	97.658500	69
97.635583	97.702250	55
97.635583	97.746000	67
97.639750	97.685583	59
98.021000	99.014750	45
98.206417	98.841833	76
98.223083	98.577250	64
98.731417	99.004333	57
98.800167	99.066833	72
98.839750	99.018917	52
99.023083	99.233500	71
99.225167	99.360583	69
99.231417	99.339750	57
99.246000	99.316833	52
99.410583	99.591833	67
99.575167	99.787667	65
99.600167	99.702250	57
99.604333	99.696000	52
99.739750	99.902250	64
99.900167	100.104333	62
99.925167	100.031417	52
100.075167	100.308500	60
100.254333	100.314750	52
100.273083	100.429333	59
100.793917	101.402250	55
101.200167	101.441833	60
101.387667	101.579333	62
101.554333	101.606417	64
101.879333	101.975167	31
101.883500	101.973083	43
101.893917	102.283500	55
102.237667	102.396000	59
102.368917	102.531417	60
102.529333	102.633500	62
102.596000	102.666833	50
102.885583	103.141833	55
102.887667	103.008500	36
103.218917	103.266833	52
103.239750	103.291833	48
103.239750	103.421000	60
103.360583	103.500167	62
103.477250	103.546000	64
103.789750	104.148083	43
103.812667	104.191833	55
104.123083	104.175167	53
104.133500	104.189750	48
104.139750	104.304333	59
104.264750	104.383500	60
104.360583	104.423083	62
104.644177	104.689750	36
104.668917	104.777250	55
104.933500	105.008500	52
104.954333	105.148083	60
104.958500	105.002250	48
105.073083	105.206417	62
105.166833	105.302250	64
105.452250	105.804333	43
105.468917	105.752250	55
105.748083	105.912667	62
105.758500	105.808500	53
105.760583	105.812667	50
105.902250	106.083500	64
106.064750	106.102250	65
106.348083	106.723083	48
106.406417	106.725167	60
106.698083	106.746000	55
106.702250	106.879333	64
106.708500	106.762667	52
106.821000	106.956417	65
106.921000	106.991833	67
107.156417	107.427250	48
107.183500	107.377250	60
107.396000	107.446000	57
107.396000	107.587667	65
107.398083	107.458500	53
107.502250	107.627250	67
107.583500	107.673083	69
107.827250	108.110583	48
107.829333	107.956417	60
107.837667	107.925167	62
108.039750	108.223083	67
108.081417	108.143917	55
108.087667	108.133500	59
108.146000	108.289750	69
108.252250	108.291833	71
108.516833	108.646000	62
108.521000	108.854333	48
108.777250	108.975167	69
108.806417	108.908500	60
108.812667	108.933500	57
108.904333	109.137667	71
109.108500	109.500167	72
109.504333	109.958500	43
109.541833	109.777250	64
109.843917	109.918917	55
109.843917	109.931417	50
109.843917	110.035583	69
109.985583	110.133500	71
110.118917	110.202250	55
110.118917	110.277250	72
110.131417	110.223083	50
110.277250	110.360583	62
110.289750	110.348083	64
110.314750	110.368917	50
110.329333	110.421000	43
110.385583	110.583500	69
110.506417	110.643917	71
110.573083	110.696000	72
110.716833	110.821000	62
110.810583	110.933500	43
110.814750	110.958500	69
110.814750	110.971000	31
110.908500	110.983500	71
110.952250	111.037667	72
111.098083	111.256417	67
111.231417	111.425167	72
111.287667	111.368917	43
111.287667	111.404333	31
111.368917	111.487667	74
111.446000	111.558500	76
111.625167	111.858500	31
111.625167	111.887667	43
111.648083	111.866833	71
111.860583	112.102250	76
112.052250	112.254333	77
112.233500	112.362667	79
112.439750	112.725167	31
112.439750	112.756417	43
112.443917	112.725167	74
112.687667	113.029333	79
112.962667	113.035583	43
112.966833	113.060583	31
112.966833	113.298083	81
113.321000	113.452250	83
113.591833	113.818917	24
113.664750	113.875167	36
113.721000	113.850167	76
113.764750	113.916833	79
113.825167	114.054333	84
114.171000	114.316833	83
114.298083	114.471000	81
114.418917	114.527250	79
114.537667	114.585583	76
114.612667	114.916833	48
114.687667	114.746000	72
114.716833	114.768917	74
114.779333	114.929333	71
114.935583	115.023083	69
114.952250	115.023083	67
115.016833	115.133500	60
115.043917	115.168917	64
115.187667	115.327250	72
115.250167	115.498083	48
115.304333	115.458500	71
115.414750	115.523083	69
115.491833	115.566833	55
115.527250	115.573083	64
115.693917	115.766833	62
115.764750	115.887667	60
115.904333	115.960583	59
115.910583	116.000167	57
116.012667	116.085583	52
116.125167	116.916833	36
116.139750	116.746000	48
116.223083	116.377250	62
116.352250	116.562667	60
116.466833	116.621000	57
116.600167	116.683500	52
116.771000	116.946000	52
116.779333	116.964750	43
116.948083	117.143917	50
117.121000	117.321000	47
117.331417	117.535583	41
117.618917	118.856417	31
117.625167	118.908500	43
118.173083	118.479333	59
118.185583	118.491833	50
118.464750	118.758500	60
118.479333	118.816833	55
118.760583	119.068917	62
118.764750	119.071000	59
119.429333	119.589750	60
119.429333	119.614750	36
119.435583	119.562667	55
119.435583	119.639750	43
119.435583	119.675167	48
119.448083	119.512667	52
120.062667	120.221000	71
120.068917	120.166833	62
120.073083	120.168917	55
120.087667	120.185583	43
120.212667	120.298083	67
120.212667	120.312667	72
120.241833	120.293917	55
120.254333	120.393917	43
120.339750	120.387667	55
120.352250	120.396000	71
120.358500	120.435583	74
120.800167	121.041833	60
120.806417	120.998083	48
120.806417	121.018917	55
120.812667	120.977250	72
120.821000	120.943917	67
120.825167	120.885583	64
121.356417	121.448083	67
121.360583	121.462667	55
121.368917	121.493917	83
121.379333	121.458500	74
121.535583	121.616833	67
121.541833	121.612667	55
121.541833	121.650167	84
121.556417	121.604333	79
121.679333	121.750167	67
121.685583	121.733500	55
121.700167	121.737667	83
121.700167	121.762667	86
122.127250	122.187667	72
122.127250	122.218917	84
122.135583	122.171000	79
122.135583	122.173083	76
122.135583	122.185583	67
122.135583	122.189750	60
122.804333	122.898083	79
122.816833	122.900167	67
122.818917	122.991833	95
122.825167	122.904333	86
123.039750	123.158500	79
123.050167	123.166833	67
123.050167	123.210583	96
123.081417	123.166833	91
123.329333	123.398083	98
123.335583	123.377250	95
123.335583	123.385583	67
123.335583	123.393917	79
123.664750	123.971000	72
123.756417	123.966833	76
123.814750	124.035583	79
123.858500	123.948083	88
123.868917	124.006417	84
123.898083	124.050167	91
123.925167	124.956417	96
