2.233500	2.379333	71
2.379333	2.573083	69
2.550167	2.677250	68
2.712667	2.952250	69
2.910583	3.254333	57
2.929333	2.991833	72
3.243917	3.316833	64
3.243917	3.327250	60
3.539750	3.593917	64
3.539750	3.602250	60
3.543917	3.733500	74
3.721000	3.943917	72
3.833500	3.898083	60
3.839750	3.889750	64
3.914750	4.041833	71
4.029333	4.212667	72
4.171000	4.479333	57
4.185583	4.254333	76
4.473083	4.568917	60
4.479333	4.552250	64
4.766833	4.827250	64
4.766833	4.843917	60
4.766833	4.906417	77
4.910583	5.114750	76
5.071000	5.135583	64
5.071000	5.164750	60
5.071000	5.227250	75
5.210583	5.437667	76
5.360583	5.452250	57
5.393917	5.552250	83
5.539750	5.764750	81
5.706417	5.881417	80
5.716833	5.804333	60
5.727250	5.781417	64
5.868917	6.037667	81
5.987667	6.156417	83
5.989750	6.077250	57
6.154333	6.348083	81
6.306417	6.377250	64
6.306417	6.391833	60
6.308500	6.468917	80
6.433500	6.616833	81
6.598083	6.991833	84
6.606417	6.873083	57
6.916833	7.008500	64
6.916833	7.014750	60
7.216833	7.314750	60
7.223083	7.281417	64
7.227250	7.329333	81
7.491833	7.541833	64
7.491833	7.562667	60
7.498083	7.612667	84
7.754333	7.823083	52
7.771000	7.889750	79
7.796000	8.100167	83
8.091833	8.218917	81
8.098083	8.179333	64
8.100167	8.200167	59
8.110583	8.204333	78
8.373083	8.483500	79
8.375167	8.458500	76
8.385583	8.477250	59
8.387667	8.456417	64
8.656417	8.760583	78
8.656417	8.771000	59
8.664750	8.718917	64
8.664750	8.746000	81
8.921000	9.018917	52
8.927250	9.037667	79
8.977250	9.243917	83
9.235583	9.371000	81
9.241833	9.343917	64
9.250167	9.337667	59
9.256417	9.352250	78
9.518917	9.621000	76
9.525167	9.623083	79
9.535583	9.600167	64
9.535583	9.614750	59
9.793917	9.896000	59
9.798083	9.854333	64
9.798083	9.885583	78
9.804333	9.881417	81
10.029333	10.121000	52
10.041833	10.168917	79
10.096000	10.271000	83
10.327250	10.477250	81
10.339750	10.421000	64
10.350167	10.446000	59
10.352250	10.466833	78
10.604333	10.691833	76
10.625167	10.687667	79
10.646000	10.687667	47
10.648083	10.702250	48
10.875167	10.985583	75
10.887667	10.979333	59
10.891833	10.943917	78
11.177250	11.598083	76
11.177250	11.831417	52
12.060583	12.191833	71
12.196000	12.412667	69
12.371000	12.496000	68
12.491833	12.689750	69
12.658500	12.729333	72
12.658500	12.939750	57
12.935583	13.004333	60
12.937667	12.993917	64
13.198083	13.362667	74
13.202250	13.266833	60
13.206417	13.258500	64
13.373083	13.585583	72
13.475167	13.533500	60
13.481417	13.531417	64
13.537667	13.671000	71
13.666833	13.839750	72
13.793917	14.079333	57
13.814750	13.866833	76
14.083500	14.173083	60
14.091833	14.156417	64
14.358500	14.439750	60
14.358500	14.504333	77
14.364750	14.414750	64
14.512667	14.716833	76
14.658500	14.716833	64
14.660583	14.735583	60
14.677250	14.806417	75
14.798083	14.998083	76
14.931417	15.035583	57
14.960583	15.093917	83
15.100167	15.291833	81
15.243917	15.302250	64
15.246000	15.312667	60
15.250167	15.425167	80
15.408500	15.591833	81
15.531417	15.643917	57
15.543917	15.716833	83
15.712667	15.877250	81
15.825167	15.887667	60
15.827250	15.877250	64
15.848083	16.004333	80
15.971000	16.156417	81
16.112667	16.396000	57
16.141833	16.475167	84
16.412667	16.506417	60
16.418917	16.491833	64
16.721000	16.789750	60
16.721000	16.818917	81
16.725167	16.777250	64
16.987667	17.046000	60
16.991833	17.039750	64
16.991833	17.106417	84
17.223083	17.302250	52
17.252250	17.368917	79
17.279333	17.581417	83
17.539750	17.610583	64
17.550167	17.623083	59
17.556417	17.660583	81
17.566833	17.664750	78
17.816833	17.908500	76
17.829333	17.929333	79
17.831417	17.887667	64
17.831417	17.912667	59
18.091833	18.152250	64
18.091833	18.193917	59
18.100167	18.187667	78
18.102250	18.177250	81
18.337667	18.458500	79
18.341833	18.404333	52
18.358500	18.414750	53
18.396000	18.604333	83
18.625167	18.727250	81
18.631417	18.687667	64
18.635583	18.716833	59
18.646000	18.714750	78
18.904333	18.998083	79
18.908500	18.981417	76
18.921000	18.977250	64
18.921000	19.002250	59
19.177250	19.227250	64
19.177250	19.271000	59
19.181417	19.279333	78
19.187667	19.248083	81
19.408500	19.491833	52
19.408500	19.527250	79
19.458500	19.612667	83
19.702250	19.848083	81
19.716833	19.812667	64
19.718917	19.814750	59
19.729333	19.852250	78
19.996000	20.087667	76
20.002250	20.079333	79
20.012667	20.079333	47
20.262667	20.356417	75
20.275167	20.329333	78
20.285583	20.327250	59
20.554333	21.068917	52
20.564750	20.825167	76
21.177250	21.258500	76
21.183500	21.237667	72
21.462667	21.564750	77
21.466833	21.525167	74
21.716833	21.781417	76
21.718917	21.791833	48
21.723083	21.806417	79
21.998083	22.083500	60
22.004333	22.093917	79
22.027250	22.073083	76
22.233500	22.387667	81
22.248083	22.331417	52
22.377250	22.548083	79
22.493917	22.633500	77
22.500167	22.560583	64
22.639750	22.741833	76
22.781417	23.135583	71
22.785583	23.150167	55
22.798083	23.043917	74
23.085583	23.193917	67
23.366833	23.452250	72
23.379333	23.437667	76
23.635583	23.735583	77
23.639750	23.727250	74
23.883500	23.977250	76
23.889750	23.979333	48
23.889750	23.998083	79
24.168917	24.271000	79
24.173083	24.227250	76
24.179333	24.283500	60
24.427250	24.573083	81
24.435583	24.535583	52
24.568917	24.754333	79
24.679333	24.779333	64
24.700167	24.825167	77
24.818917	24.931417	76
24.968917	25.173083	71
24.981417	25.183500	74
24.989750	25.368917	55
25.541833	25.639750	69
25.543917	25.646000	72
25.808500	25.904333	71
25.818917	25.912667	74
26.075167	26.175167	48
26.089750	26.189750	76
26.093917	26.162667	72
26.350167	26.446000	72
26.358500	26.450167	76
26.377250	26.487667	57
26.675167	26.810583	77
26.700167	26.764750	50
26.702250	26.756417	76
26.714750	26.783500	52
26.823083	26.989750	76
26.948083	27.071000	74
26.996000	27.091833	60
27.062667	27.187667	72
27.266833	27.304333	68
27.277250	27.598083	71
27.279333	27.627250	52
27.354333	27.435583	69
27.577250	27.666833	64
27.852250	27.931417	69
27.864750	27.950167	72
28.146000	28.235583	71
28.146000	28.246000	74
28.400167	28.489750	76
28.400167	28.498083	45
28.408500	28.468917	72
28.662667	28.714750	72
28.664750	28.758500	76
28.671000	28.773083	57
28.902250	29.046000	77
28.918917	29.014750	48
29.046000	29.202250	76
29.129333	29.264750	74
29.164750	29.221000	60
29.254333	29.373083	72
29.462667	29.775167	68
29.473083	29.602250	50
29.473083	29.766833	71
29.473083	29.818917	52
30.048083	30.175167	71
30.208500	30.400167	69
30.348083	30.414750	68
30.468917	30.648083	69
30.623083	30.912667	57
30.631417	30.679333	72
30.904333	30.987667	60
30.906417	30.968917	64
31.173083	31.312667	74
31.183500	31.237667	64
31.187667	31.243917	60
31.333500	31.514750	72
31.458500	31.527250	60
31.464750	31.514750	64
31.479333	31.596000	71
31.575167	31.816833	72
31.750167	31.862667	57
31.766833	32.123083	76
32.041833	32.102250	64
32.041833	32.106417	60
32.321000	32.462667	77
32.333500	32.396000	64
32.333500	32.398083	60
32.479333	32.664750	76
32.596000	32.654333	60
32.600167	32.652250	64
32.618917	32.746000	75
32.748083	32.939750	76
32.868917	32.966833	57
32.904333	33.052250	83
33.056417	33.250167	81
33.158500	33.229333	60
33.162667	33.223083	64
33.206417	33.350167	80
33.360583	33.502250	81
33.452250	33.537667	57
33.471000	33.621000	83
33.641833	33.766833	81
33.718917	33.773083	64
33.727250	33.777250	60
33.737667	33.914750	80
33.856417	34.046000	81
34.012667	34.314750	53
34.029333	34.391833	84
34.296000	34.393917	63
34.318917	34.381417	57
34.583500	34.681417	81
34.587667	34.641833	63
34.612667	34.668917	57
34.843917	34.898083	63
34.858500	34.968917	83
34.862667	34.935583	57
35.129333	35.233500	52
35.148083	35.279333	84
35.425167	35.527250	64
35.437667	35.554333	57
35.446000	35.602250	83
35.741833	36.048083	81
35.754333	35.804333	48
35.775167	35.839750	50
35.998083	36.054333	59
35.998083	36.096000	53
36.008500	36.266833	80
36.256417	36.348083	48
36.264750	36.506417	81
36.571000	36.854333	76
36.583500	36.648083	57
36.598083	36.650167	55
36.598083	36.666833	52
36.606417	36.668917	50
36.837667	37.085583	77
36.841833	36.939750	50
37.121000	37.471000	74
37.127250	37.221000	59
37.129333	37.231417	53
37.414750	37.512667	57
37.414750	37.750167	72
37.423083	37.500167	52
37.677250	37.768917	57
37.689750	37.756417	52
37.943917	37.991833	56
37.946000	38.029333	71
37.966833	38.021000	52
38.046000	38.221000	72
38.158500	38.291833	71
38.196000	38.233500	56
38.210583	38.266833	52
38.271000	38.441833	69
38.396000	38.581417	71
38.560583	39.321000	57
38.575167	39.048083	69
38.581417	39.314750	45
39.360583	39.441833	69
39.375167	39.475167	81
39.641833	39.698083	71
39.654333	39.727250	83
39.875167	40.006417	45
39.964750	40.018917	52
39.964750	40.316833	85
39.964750	40.352250	73
39.977250	40.098083	57
40.258500	40.352250	57
40.556417	40.627250	57
40.556417	40.654333	69
40.566833	40.671000	81
40.823083	40.962667	57
40.833500	40.916833	71
40.843917	40.943917	83
41.014750	41.175167	45
41.139750	41.264750	57
41.146000	41.275167	73
41.146000	41.277250	85
41.416833	41.506417	57
41.441833	41.531417	71
41.460583	41.533500	83
41.489750	41.554333	81
41.706417	41.781417	57
41.718917	41.783500	69
41.727250	41.779333	81
41.971000	42.062667	57
42.023083	42.071000	68
42.027250	42.071000	80
42.314750	42.441833	44
42.327250	42.446000	38
42.341833	42.402250	78
42.341833	42.406417	36
42.341833	42.412667	66
42.393917	42.437667	68
42.406417	42.508500	50
42.660583	42.723083	68
42.668917	42.718917	80
42.679333	42.773083	50
42.718917	42.771000	48
43.058500	43.110583	39
43.060583	43.141833	69
43.068917	43.177250	51
43.075167	43.162667	81
43.348083	43.414750	51
43.360583	43.412667	71
43.364750	43.427250	83
43.393917	43.446000	81
43.698083	43.781417	40
43.708500	43.796000	68
43.718917	43.764750	80
43.739750	43.864750	52
43.993917	44.089750	64
44.016833	44.100167	76
44.041833	44.091833	52
44.046000	44.091833	50
44.054333	44.118917	74
44.316833	44.398083	52
44.323083	44.389750	69
44.339750	44.385583	81
44.602250	44.685583	52
44.625167	44.660583	71
44.635583	44.704333	83
44.868917	45.008500	45
44.946000	45.302250	85
44.950167	45.327250	73
44.962667	45.087667	57
45.254333	45.346000	57
45.554333	45.635583	57
45.558500	45.643917	69
45.568917	45.658500	81
45.852250	45.983500	57
45.860583	45.900167	71
45.868917	45.927250	83
46.060583	46.206417	45
46.154333	46.218917	73
46.154333	46.223083	85
46.171000	46.285583	57
46.435583	46.525167	71
46.450167	46.541833	57
46.458500	46.521000	83
46.496000	46.550167	81
46.723083	46.825167	57
46.737667	46.783500	69
46.746000	46.793917	81
47.016833	47.064750	57
47.043917	47.085583	68
47.058500	47.104333	80
47.393917	47.491833	38
47.423083	47.475167	66
47.427250	47.498083	78
47.448083	47.546000	50
47.777250	47.846000	71
47.781417	47.835583	83
47.781417	47.866833	50
48.191833	48.260583	80
48.191833	48.275167	68
48.196000	48.310583	52
48.554333	48.641833	52
48.566833	48.654333	76
48.573083	48.623083	64
48.585583	48.648083	62
48.587667	48.646000	74
48.946000	49.560583	69
48.946000	49.793917	45
48.952250	49.602250	81
48.975167	49.037667	71
50.516833	50.671000	85
50.723083	50.879333	86
50.837667	51.087667	85
51.037667	51.177250	83
51.177250	51.402250	81
51.191833	51.525167	54
51.348083	51.571260	83
51.516833	51.618917	61
51.529333	51.691833	81
51.543917	51.612667	57
51.679333	51.904333	80
51.850167	51.939750	61
51.856417	52.027250	78
51.877250	51.937667	57
52.021000	52.293917	81
52.154333	52.260583	61
52.183500	52.250167	57
52.196000	52.398083	80
52.329333	52.510583	78
52.508500	52.766833	77
52.514750	52.856417	56
52.696000	52.931417	78
52.814750	52.914750	61
52.833500	52.902250	59
52.866833	53.035583	80
53.033500	53.216833	77
53.173083	53.252250	61
53.179333	53.425167	73
53.208500	53.260583	59
53.350167	53.562667	75
53.479333	53.575167	61
53.508500	53.648083	76
53.518917	53.575167	59
53.664750	53.850167	73
53.818917	53.979333	78
53.827510	54.137667	54
53.993917	54.227250	77
54.135583	54.243917	61
54.154333	54.346000	78
54.158500	54.231417	57
54.321000	54.489750	80
54.475167	54.541833	61
54.483500	54.629333	81
54.491833	54.554333	57
54.616833	54.806417	80
54.775167	54.875167	61
54.796000	54.866833	57
54.814750	54.996000	81
54.985583	55.189750	83
55.129333	55.321000	53
55.179333	55.235583	84
55.333500	55.516833	84
55.443917	55.506417	61
55.454333	55.504333	56
55.460583	55.643917	85
55.633500	55.821000	84
55.791833	55.993917	85
55.827250	55.877250	61
55.833500	55.885583	56
55.975167	56.183500	86
56.131417	56.187667	61
56.139750	56.191833	56
56.143917	56.327250	85
56.291833	56.423083	83
56.443917	56.627250	81
56.456417	56.635583	54
56.585583	56.804333	83
56.764750	56.858500	61
56.775167	56.856417	57
56.775167	56.931417	81
56.910583	57.118917	80
57.075167	57.289750	78
57.087667	57.187667	61
57.108500	57.175167	57
57.281417	57.510583	81
57.379333	57.493917	61
57.408500	57.483500	57
57.418917	57.602250	80
57.541833	57.712667	78
57.712667	57.973083	77
57.725167	58.104333	56
57.921000	58.133500	78
58.062667	58.152250	64
58.064750	58.231417	80
58.071000	58.156417	61
58.233500	58.446000	77
58.398083	58.464750	64
58.398083	58.635583	73
58.404333	58.462667	61
58.575167	58.746000	75
58.689750	58.760583	64
58.698083	58.773083	61
58.733500	58.904333	76
58.896000	59.096000	73
59.023083	59.402250	56
59.056417	59.333500	75
59.277250	59.421000	76
59.379333	59.439750	66
59.396000	59.573083	78
59.425167	59.477250	63
59.535583	59.733500	75
59.700167	59.779333	66
59.731417	59.933500	72
59.735583	59.783500	63
59.889750	60.064750	73
59.996000	60.056417	66
60.027250	60.085583	63
60.033500	60.225167	75
60.206417	60.462667	72
60.381417	60.764750	73
60.381417	61.196000	61
60.385583	61.100167	64
61.123083	61.298083	85
61.316833	61.496000	86
61.466833	61.658500	85
61.639750	61.760583	83
61.766833	61.977250	81
61.818917	62.125167	54
61.929333	62.154333	83
62.106417	62.258500	81
62.112667	62.214750	61
62.137667	62.216833	57
62.235583	62.466833	80
62.429333	62.606417	78
62.441833	62.514750	61
62.471000	62.533500	57
62.598083	62.856417	81
62.750167	62.839750	61
62.764750	62.985583	80
62.783500	62.843917	57
62.923083	63.093917	78
63.081417	63.473083	56
63.091833	63.335583	77
63.275167	63.504333	78
63.433500	63.564750	80
63.437667	63.529333	61
63.464750	63.527250	59
63.566833	63.779333	77
63.750167	63.960583	73
63.752250	63.829333	61
63.779333	63.833500	59
63.898083	64.108500	75
64.060583	64.150167	61
64.079333	64.216833	76
64.100167	64.158500	59
64.210583	64.423083	73
64.381417	64.662667	54
64.389750	64.531417	78
64.554333	64.752250	77
64.693917	64.902250	78
64.708500	64.789750	61
64.718917	64.789750	57
64.864750	65.033500	80
65.018917	65.087667	61
65.018917	65.152250	81
65.033500	65.098083	57
65.146000	65.316833	80
65.329333	65.404333	61
65.339750	65.506417	81
65.348083	65.414750	57
65.491833	65.677250	83
65.637667	65.706417	54
65.643917	65.810583	85
65.823083	66.004333	84
65.954333	66.016833	61
65.954333	66.021000	56
65.973083	66.112667	85
66.116833	66.339750	84
66.287667	66.350167	61
66.287667	66.446000	85
66.291833	66.356417	56
66.450167	66.641833	86
66.583500	66.796000	85
66.591833	66.648083	61
66.604333	66.652250	56
66.752250	66.879333	83
66.889750	67.073083	81
66.896000	67.221000	54
67.035583	67.275167	83
67.212667	67.306417	61
67.212667	67.354333	81
67.227250	67.302250	57
67.335583	67.542094	80
67.510583	67.681417	78
67.539750	67.627250	61
67.562667	67.625167	57
67.685583	67.889750	81
67.816833	68.060583	80
67.829333	67.910583	61
67.852250	67.916833	57
67.996000	68.141833	78
68.129333	68.579333	56
68.148083	68.398083	77
68.337667	68.550167	78
68.491833	68.639750	80
68.510583	68.577250	65
68.527250	68.593917	62
68.641833	68.843917	77
68.821000	69.056417	73
69.031417	69.243917	75
69.218917	69.421000	76
69.368917	69.623083	73
69.585583	69.912667	75
69.591833	70.293917	61
69.606417	70.227250	64
70.241833	70.450167	76
70.433500	70.610583	74
70.583500	70.806417	73
70.785583	70.954333	71
70.937667	71.133500	69
70.941833	71.327250	57
71.121000	71.302250	71
71.258500	71.431417	73
71.275167	71.389750	61
71.281417	71.354333	64
71.452250	71.616833	74
71.600167	71.658500	64
71.600167	71.668917	61
71.604333	71.773083	76
71.760583	71.998083	78
71.927250	72.039750	61
71.933500	72.010583	64
71.933500	72.121000	80
72.100167	72.193917	81
72.271000	72.396000	52
72.314750	72.612667	82
73.171000	73.402250	76
73.358500	73.512667	74
73.493917	73.712667	73
73.689750	73.868917	71
73.823083	74.200167	57
73.852250	74.018917	69
74.012667	74.193917	71
74.160583	74.316833	73
74.177250	74.262667	61
74.185583	74.237667	64
74.341833	74.514750	74
74.500167	74.575167	61
74.500167	74.664750	76
74.510583	74.566833	64
74.637667	74.887667	78
74.804333	74.989750	80
74.827250	74.939750	61
74.841833	74.910583	64
74.973083	75.050167	81
75.137667	75.358500	81
75.146000	75.227250	59
75.323083	75.491833	80
75.473083	75.556417	64
75.481417	75.556417	62
75.483500	75.696000	78
75.687667	75.746000	76
75.816833	75.916833	56
75.868917	76.052250	76
76.010583	76.187667	74
76.133500	76.364750	73
76.181417	76.246000	62
76.212667	76.254333	65
76.212667	76.262667	64
76.318917	76.487667	71
76.464750	76.841833	57
76.477250	76.679333	69
76.668917	76.856417	71
76.791833	76.893917	64
76.802250	76.912667	61
76.818917	76.983500	73
77.012667	77.177250	74
77.133500	77.198083	64
77.137667	77.210583	61
77.154333	77.308500	76
77.283500	77.533500	78
77.458500	77.623083	80
77.475167	77.543917	61
77.487667	77.546000	64
77.585583	77.685583	81
77.816833	78.173083	52
77.833500	78.183500	82
78.141833	78.216833	83
78.141833	78.225167	64
78.141833	78.243917	56
78.454333	78.648083	76
78.468917	78.535583	64
78.471000	78.539750	56
78.639750	78.796000	74
78.758500	78.825167	56
78.760583	78.818917	64
78.768917	78.989750	73
78.962667	79.133500	71
79.091833	79.464750	57
79.129333	79.304333	69
79.296000	79.468917	71
79.427250	79.583500	73
79.431417	79.541833	61
79.441833	79.508500	64
79.606417	79.779333	74
79.748083	79.825167	64
79.756417	79.818917	61
79.764750	79.952250	76
79.925167	80.154333	78
80.066833	80.179333	61
80.068917	80.137667	64
80.075167	80.233500	80
80.216833	80.273083	81
80.381417	80.583500	81
80.398083	80.464750	59
80.560583	80.750167	80
80.721000	80.789750	64
80.721000	80.808500	62
80.721000	80.912667	78
80.908500	80.956417	76
81.033500	81.100167	56
81.081417	81.258500	76
81.241833	81.398083	74
81.346000	81.546000	73
81.358500	81.421000	64
81.379333	81.433500	62
81.527250	81.737667	71
81.696000	81.806417	57
81.708500	81.854333	73
81.837667	82.048083	76
81.983500	82.206417	69
82.010583	82.071000	54
82.158500	82.298083	73
82.308500	82.464750	71
82.339750	82.427250	50
82.477250	82.658500	74
82.621000	82.781417	68
82.623083	82.673083	52
82.789750	82.979333	71
82.958500	83.233500	69
82.958500	83.314750	45
83.281417	83.381417	57
83.596000	83.775167	85
83.785583	83.941833	86
83.906417	84.127250	85
84.079333	84.216833	83
84.214750	84.406417	54
84.218917	84.437667	81
84.379333	84.585583	83
84.562667	84.616833	61
84.571000	84.633500	57
84.581417	84.633500	81
84.621000	84.879333	80
84.831417	85.014750	78
84.848083	84.918917	61
84.864750	84.927250	57
85.006417	85.233500	81
85.152250	85.412667	80
85.156417	85.218917	61
85.179333	85.239750	57
85.333500	85.493917	78
85.471000	85.837667	56
85.483500	85.733500	77
85.666833	85.896000	78
85.798083	85.883500	61
85.821000	85.898083	59
85.843917	86.014750	80
86.018917	86.179333	77
86.133500	86.193917	61
86.148083	86.371000	73
86.162667	86.216833	59
86.312667	86.533500	75
86.466833	86.541833	61
86.500167	86.552250	59
86.500167	86.614750	76
86.608500	86.806417	73
86.787667	86.918917	78
86.787667	87.110583	54
86.954333	87.156417	77
87.098083	87.189750	61
87.108500	87.285583	78
87.118917	87.187667	57
87.260583	87.452250	80
87.414750	87.504333	61
87.437667	87.573083	81
87.441833	87.504333	57
87.571000	87.756417	80
87.731417	87.814750	61
87.756417	87.816833	57
87.762667	87.946000	81
87.931417	88.235583	83
88.162667	88.560583	49
88.193917	88.358500	85
88.371000	88.548083	84
88.508500	88.591833	61
88.516833	88.656417	85
88.525167	88.577250	56
88.677250	88.887667	84
88.829333	88.935583	61
88.835583	88.977250	85
88.873083	88.929333	55
89.002250	89.202250	84
89.127250	89.241833	61
89.146000	89.343917	85
89.166833	89.218917	54
89.329333	89.468917	82
89.498083	89.648083	86
89.510583	89.850167	47
89.660583	89.858500	85
89.808500	89.885583	59
89.816833	89.906417	54
89.841833	89.979333	86
89.977250	90.179333	85
90.131417	90.191833	59
90.131417	90.225167	54
90.154333	90.302250	86
90.298083	90.483500	85
90.450167	90.523083	59
90.454333	90.543917	54
90.464750	90.621000	86
90.593917	90.804333	85
90.779333	91.164750	47
90.783500	90.975167	86
90.935583	91.187667	85
91.127250	91.243917	83
91.139750	91.229333	56
91.143917	91.208500	59
91.258500	91.487667	81
91.431417	91.521000	56
91.431417	91.679333	80
91.433500	91.489750	59
91.623083	91.835583	81
91.729333	91.814750	56
91.733500	91.789750	59
91.781417	91.993917	83
91.950167	92.137667	80
92.068917	92.398083	49
92.104333	92.358500	81
92.323083	92.498083	83
92.373083	92.433500	57
92.471000	92.643917	85
92.621000	92.864750	81
92.698083	92.764750	54
92.710583	92.779333	57
92.871000	92.931417	80
92.910583	93.171000	77
93.137667	93.327250	78
93.291833	93.579333	80
93.560583	93.841833	77
93.762667	94.675167	54
93.775167	94.110583	78
93.775167	94.660583	57
94.623083	94.825167	76
94.812667	94.973083	74
94.948083	95.168917	73
95.162667	95.339750	71
95.304333	95.698083	57
95.325167	95.512667	69
95.498083	95.702250	71
95.650167	95.825167	73
95.654333	95.731417	64
95.654333	95.758500	61
95.841833	96.002250	74
95.996000	96.054333	64
95.996000	96.056417	61
95.996000	96.175167	76
96.158500	96.404333	78
96.323083	96.493917	80
96.325167	96.391833	64
96.325167	96.408500	61
96.485583	96.539750	81
96.652250	96.866833	81
96.666833	96.746000	59
96.833500	97.071000	80
97.021000	97.227250	78
97.023083	97.100167	64
97.033500	97.104333	62
97.212667	97.281417	76
97.360583	97.427250	56
97.402250	97.583500	76
97.556417	97.791833	74
97.731417	97.843917	64
97.731417	97.943917	73
97.758500	97.808500	62
97.914750	98.477250	71
98.491833	98.889750	57
98.502250	98.710583	69
98.698083	98.898083	71
98.860583	99.008500	73
98.862667	98.929333	64
98.862667	98.960583	61
99.035583	99.216833	74
99.204333	99.262667	61
99.204333	99.262667	64
99.204333	99.371000	76
99.350167	99.585583	78
99.539750	99.666833	80
99.543917	99.606417	61
99.548083	99.610583	64
99.623083	99.752250	81
99.873083	100.227250	52
99.885583	100.252250	82
100.204333	100.271000	64
100.204333	100.296000	83
100.204333	100.298083	56
100.523083	100.721000	76
100.527250	100.637667	56
100.533500	100.598083	64
100.704333	100.912667	74
100.846000	100.904333	56
100.850167	100.908500	64
100.856417	101.079333	73
101.054333	101.231417	71
101.179333	101.556417	57
101.208500	101.402250	69
101.387667	101.558500	71
101.510583	101.600167	61
101.516833	101.583500	64
101.518917	101.666833	73
101.691833	101.873083	74
101.827250	101.900167	64
101.831417	101.900167	61
101.858500	102.073083	76
102.033500	102.262667	78
102.152250	102.262667	61
102.154333	102.237667	64
102.181417	102.339750	80
102.333500	102.387667	81
102.508500	102.716833	81
102.521000	102.612667	59
102.687667	102.902250	80
102.864750	102.941833	64
102.864750	103.071000	78
102.875167	102.946000	62
103.056417	103.137667	76
103.198083	103.281417	56
103.243917	103.443917	76
103.408500	103.608500	74
103.548083	103.596000	64
103.554333	103.768917	73
103.560583	103.614750	62
103.756417	103.983500	71
103.923083	104.029333	57
103.933500	104.096000	73
104.068917	104.308500	76
104.243917	104.310583	54
104.254333	104.433500	69
104.393917	104.554333	73
104.552250	104.723083	71
104.577250	104.681417	50
104.723083	104.925167	74
104.893917	104.958500	52
104.893917	105.052250	68
105.052250	105.248083	71
105.227250	105.481417	69
105.235583	105.614750	45
105.575167	105.675167	57
105.860583	106.043917	85
106.058500	106.216833	86
106.196000	106.421000	85
106.381417	106.516833	83
106.512667	106.875167	54
106.529333	106.727250	81
106.689750	106.916833	83
106.854333	106.943917	61
106.875167	106.943917	57
106.887667	107.046000	81
107.031417	107.231417	80
107.185583	107.350167	78
107.189750	107.260583	61
107.206417	107.275167	57
107.341833	107.618917	81
107.510583	107.589750	61
107.518917	107.739750	80
107.531417	107.589750	57
107.671000	107.814750	78
107.823083	108.068917	77
107.846000	108.031417	56
108.021000	108.214750	78
108.121000	108.200167	56
108.158500	108.312667	80
108.171000	108.289750	61
108.193917	108.273083	59
108.314750	108.506417	77
108.477250	108.714750	73
108.479333	108.583500	61
108.508500	108.571000	59
108.652250	108.846000	75
108.804333	108.902250	61
108.804333	108.956417	76
108.843917	108.900167	59
108.952250	109.141833	73
109.121000	109.260583	78
109.121000	109.431417	54
109.291833	109.510583	77
109.300167	109.391833	76
109.435583	109.518917	61
109.448083	109.523083	57
109.473083	109.631417	79
109.608500	109.779333	80
109.760583	109.927250	81
109.781417	109.858500	61
109.802250	109.856417	57
109.910583	110.087667	80
110.081417	110.185583	61
110.106417	110.164750	57
110.108500	110.275167	81
110.266833	110.454333	83
110.406417	110.775167	49
110.418917	110.581417	85
110.593917	110.764750	84
110.721000	110.798083	61
110.737667	110.871000	85
110.746000	110.794177	56
110.891833	111.106417	84
111.052250	111.216833	85
111.058500	111.150167	61
111.085583	111.146000	55
111.237667	111.448083	84
111.360583	111.452250	61
111.383500	111.433500	54
111.383500	111.612667	85
111.587667	111.750167	82
111.727250	112.077250	47
111.752250	111.902250	86
111.902250	112.096000	85
112.037667	112.118917	59
112.043917	112.139750	54
112.075167	112.212667	86
112.202250	112.416833	85
112.377250	112.439750	59
112.379333	112.443917	54
112.387667	112.535583	86
112.531417	112.714750	85
112.696000	112.752250	59
112.696000	112.760583	54
112.698083	112.891833	86
112.850167	113.154333	85
113.006417	113.441833	47
113.098083	113.316833	86
113.248083	113.450167	85
113.381417	113.548083	83
113.408500	113.506417	56
113.412667	113.468917	59
113.546000	113.775167	81
113.716833	113.779333	59
113.721000	113.933500	80
113.725167	113.779333	56
113.885583	114.091833	81
114.023083	114.077250	56
114.031417	114.079333	59
114.054333	114.289750	83
114.237667	114.427250	80
114.366833	114.704333	49
114.391833	114.683500	81
114.600167	114.775167	83
114.685583	114.746000	54
114.696000	114.754333	57
114.718917	114.910583	85
114.896000	115.091833	81
115.075167	115.129333	54
115.075167	115.131417	57
115.093917	115.312667	77
115.273083	115.466833	78
115.412667	115.479333	54
115.416833	115.479333	57
115.429333	115.575167	80
115.566833	116.008500	77
115.943917	116.656417	78
115.952250	117.166833	54
115.960583	117.160583	57
