6.760006	6.828747	73
6.770413	7.274578	50
7.037090	7.195416	60
7.278744	7.420422	57
7.282910	7.776669	74
7.518337	7.653744	60
7.778744	8.126660	50
7.778744	8.305828	81
8.037090	8.176663	60
8.262081	8.468334	57
8.274578	8.434994	79
8.543331	8.676663	60
8.803753	8.870419	79
8.807919	9.299587	50
9.030834	9.222500	60
9.262081	9.451672	57
9.268337	9.314160	78
9.503750	9.653744	60
9.739163	9.993328	50
9.751660	9.855831	76
9.982922	10.145413	60
10.195416	10.401669	57
10.214169	10.689160	78
10.443340	10.501660	60
10.714169	11.005840	55
10.718334	11.697506	79
10.968334	11.143337	62
11.214169	11.330837	59
11.445416	11.559994	62
11.680828	11.910000	55
11.732922	11.824581	71
11.934994	12.043331	62
11.955837	12.101666	74
12.151669	12.297497	59
12.170422	12.355831	71
12.389172	12.541256	62
12.389172	12.684994	74
12.639172	12.993328	55
12.657910	13.612087	79
12.887081	13.005840	62
13.118328	13.197506	59
13.362087	13.457913	62
13.576672	13.793331	55
13.595410	13.803753	74
13.803753	13.953747	62
13.820416	14.012081	71
14.039166	14.178753	59
14.043331	14.293331	74
14.257916	14.316250	62
14.270413	14.426663	71
14.476666	14.818340	60
14.503750	14.660000	76
14.724590	14.832913	67
14.734997	14.922497	72
14.934994	15.093334	64
14.949581	15.220410	76
15.160000	15.305828	67
15.168331	15.359997	72
15.401669	15.578747	79
15.401669	15.635006	60
15.628750	15.822506	72
15.641247	15.732922	67
15.847500	15.964169	64
15.857922	16.045422	76
16.074581	16.359997	72
16.082913	16.201672	67
16.332913	17.447506	60
16.349590	16.395413	84
16.801663	17.016247	88
16.816250	16.997494	84
16.826672	17.007916	67
17.014172	17.199581	83
17.028744	17.082913	86
17.255840	17.722500	84
17.264172	17.722500	81
17.295422	17.362087	67
17.503750	17.666256	67
17.726666	17.893337	83
17.728756	17.891247	79
17.741253	17.809994	64
18.205837	19.407910	55
18.230831	18.312084	79
18.234997	18.324581	83
18.689160	18.889172	72
18.703747	18.859997	62
18.899578	19.139172	71
18.907910	19.062084	67
19.122494	19.287090	62
19.149578	19.316250	72
19.364163	19.553753	71
19.366253	19.530834	67
19.601666	19.710003	62
19.612087	19.826672	72
19.826672	20.278744	71
20.093334	20.343334	74
20.097500	20.887081	55
20.535000	20.951672	83
20.539166	20.878750	79
20.562084	20.774578	62
20.766247	20.941250	67
20.997494	21.395413	84
21.012081	21.320416	81
21.234997	21.484997	74
21.245419	21.501660	67
21.470410	21.660000	86
21.480831	21.639172	83
21.539166	21.609997	71
21.853756	22.001660	77
21.934994	22.447506	65
21.941250	22.126660	81
21.997494	22.280834	86
22.220410	22.410000	74
22.245419	22.391247	77
22.445416	22.614163	69
22.455837	22.653744	81
22.660000	22.847500	74
22.670422	22.862087	77
22.903744	23.305828	64
22.916256	23.205837	86
22.962078	23.057919	80
23.143337	23.324581	74
23.149578	23.359997	76
23.339169	23.516247	68
23.355831	23.578747	80
23.578747	23.782910	76
23.580837	23.745419	74
23.757916	23.824581	80
23.807919	23.903744	89
23.820416	24.030834	64
24.032910	24.178753	76
24.053753	24.218334	74
24.260006	24.349590	68
24.260006	24.357922	88
24.268337	24.328747	80
24.499584	24.616253	74
24.501660	24.603756	76
24.726666	24.866253	68
24.743328	25.087078	80
24.751660	24.951672	86
24.997494	25.182919	74
25.024578	25.222500	76
25.222500	25.285000	68
25.466244	25.855831	88
25.730831	25.999584	57
25.737087	26.230831	86
25.982922	26.051663	64
26.214169	26.672497	84
26.216244	26.270413	72
26.430828	26.880840	69
26.691250	26.843334	76
26.697506	27.141247	83
26.910000	26.978756	72
27.151669	27.653744	84
27.624584	28.603756	69
27.643337	28.528744	72
27.645413	28.157910	81
27.653744	28.570416	76
28.385006	28.472500	81
28.487087	28.632916	83
28.580837	29.049587	84
29.064160	29.130840	69
29.085003	29.143337	72
29.591244	30.430828	65
29.628750	30.057919	81
29.878750	30.203747	72
30.130840	30.326672	69
30.353756	30.539166	77
30.620419	31.559994	81
30.655834	30.749584	72
31.126660	31.228756	69
31.595410	32.859997	55
31.635006	31.932919	83
31.672497	31.945416	79
32.093334	32.751660	62
32.328747	32.797497	67
32.557919	32.853756	69
32.795422	33.055828	71
33.024578	33.076672	67
33.028744	33.099590	62
33.049587	33.264172	72
33.270413	33.645413	74
33.532910	34.768337	48
33.597500	34.085003	72
34.047497	34.730831	55
34.270413	34.741253	60
34.512081	34.772503	65
34.753750	34.918331	67
34.993328	35.191250	72
35.326672	37.035000	48
35.418331	35.897503	55
35.466244	36.053753	60
35.512081	36.132916	64
36.547497	36.999584	60
36.562084	37.099590	67
36.564160	37.014172	64
36.570416	37.072506	55
37.572506	38.270413	60
37.587078	37.855831	76
37.847500	38.068340	67
38.070416	38.320416	76
38.074581	38.280834	72
38.330837	38.497494	67
38.568340	38.947506	60
38.582913	38.882916	76
38.818340	39.024578	68
39.066250	39.301663	72
39.072506	39.287090	76
39.316250	39.376934	68
39.574581	39.891247	76
39.582913	39.880840	60
39.818340	39.949581	69
39.955837	40.072506	79
40.018337	40.174587	72
40.043331	40.441250	77
40.276669	40.347500	69
40.422497	40.559994	76
40.549587	41.170422	59
40.553753	41.464169	74
40.822506	41.032910	67
41.057919	41.184994	71
41.305828	41.349590	67
41.574581	41.847500	53
41.591244	41.845410	74
41.818340	42.020413	62
42.045422	42.178753	69
42.078747	42.303753	74
42.316250	42.357922	62
42.551663	43.205837	52
42.578747	42.904003	74
42.818340	43.062084	59
43.062084	43.362087	74
43.085003	43.243328	64
43.639172	44.214169	57
43.647503	44.101666	74
43.905834	44.020413	60
44.128750	44.239163	64
44.135006	44.393337	72
44.389172	44.464169	60
44.399578	44.668331	74
44.676663	45.316250	55
44.682919	45.391247	76
44.691250	45.166256	72
44.939160	45.153744	60
45.201672	45.424587	64
45.460003	45.628750	60
45.701672	46.432919	53
45.728756	45.941250	76
45.970410	46.168331	60
46.189160	46.399578	65
46.207913	46.512081	76
46.224590	46.524578	72
46.445416	46.635006	60
46.701672	47.410000	53
46.724590	46.910000	76
46.978756	47.199581	60
47.249584	47.424587	65
47.257916	47.305828	68
47.257916	47.424587	76
47.524578	47.599590	60
47.757916	48.568340	55
47.789166	48.114163	76
48.045422	48.162090	62
48.168331	48.264172	79
48.264172	48.572506	77
48.276669	48.493328	67
48.545422	48.643337	62
48.559994	48.755840	76
48.787090	49.482922	55
48.799587	49.445416	71
48.799587	49.482922	74
49.078747	49.245419	62
49.314160	49.470410	67
49.578747	49.714169	62
49.824581	50.484997	53
49.853756	50.080837	74
50.105831	50.330837	62
50.349590	50.518337	65
50.349590	50.572506	74
50.359997	50.516247	69
50.589169	50.682919	62
50.862087	51.562084	52
50.876660	51.228756	74
50.880840	51.155834	68
51.162090	51.343334	59
51.368328	51.541256	64
51.382916	51.607922	74
51.653744	51.807919	59
51.916256	52.068340	52
51.962078	52.449581	74
52.241253	52.851666	55
52.512081	52.785000	65
52.532910	53.043331	72
52.851666	53.001660	62
53.012081	53.351666	71
53.343334	54.189160	60
53.368328	53.801663	72
53.705837	54.099590	64
53.987087	54.182919	72
54.253750	54.418331	67
54.476666	54.799587	76
54.507916	55.222500	60
54.512081	54.805828	88
54.762081	54.941250	67
54.991253	55.220410	72
55.012081	55.070416	88
55.014172	55.053753	76
55.234997	55.397503	67
55.482922	56.057919	60
55.503750	55.805828	88
55.530834	55.785000	76
55.747494	55.960003	68
56.005840	56.212078	72
56.005840	56.268337	88
56.020413	56.266247	76
56.251660	56.397503	68
56.528744	56.710003	88
56.537090	56.647503	76
56.537090	57.207913	60
56.805828	57.039166	69
56.964169	57.010006	91
56.966244	57.012081	79
57.101666	57.266247	72
57.114163	57.160000	89
57.137081	57.189160	77
57.364163	57.447506	69
57.505840	57.597500	76
57.510006	57.595410	88
57.743328	58.487087	59
57.762081	58.426663	86
57.782910	58.097500	74
58.049587	58.262081	67
58.337078	58.676663	79
58.345410	58.628750	74
58.353756	58.522503	71
58.682919	58.745419	67
58.991253	59.303753	53
59.001660	59.305828	74
59.005840	59.307919	86
59.293331	59.501660	62
59.547497	59.689160	69
59.559994	59.841244	86
59.566250	59.824581	74
59.849590	59.903744	62
60.122494	60.226666	52
60.137081	60.666256	86
60.141247	60.564160	80
60.143337	60.532910	74
60.455837	61.059994	64
60.801663	61.362087	86
60.809994	61.349590	80
60.814160	61.328747	74
60.857922	61.047497	68
61.157910	61.251660	71
61.557919	61.739163	50
61.595410	61.932919	86
61.601666	61.960003	74
61.970410	62.257916	62
62.264172	62.443340	69
62.276669	62.401669	84
62.276669	62.557919	65
62.282910	62.364163	72
62.578747	62.689160	86
62.585003	62.643337	74
62.885006	64.087078	55
62.924587	63.172497	88
62.939160	63.218334	76
63.303753	63.664166	62
63.676663	64.014172	65
64.082913	64.147503	62
64.109997	64.710003	71
64.680828	65.503750	48
64.720410	65.051663	72
65.018337	65.132916	55
65.032910	65.210003	64
65.307919	65.522503	60
65.322506	65.580837	72
65.574581	65.653744	55
65.597500	65.726666	64
65.866253	66.609997	48
65.899578	66.109997	72
66.153744	66.449581	65
66.160000	66.357922	56
66.437084	66.637081	60
66.460003	66.676663	72
66.710003	66.809994	56
66.741253	66.962078	65
67.039166	67.824581	48
67.043331	67.297497	72
67.328747	67.557919	65
67.328747	67.593334	57
67.626660	67.799587	72
67.639172	67.812084	60
67.934994	68.103756	65
67.951672	68.026669	57
68.228756	68.434994	72
68.237087	68.945416	48
68.501660	68.703747	55
68.510006	68.764172	64
68.789166	69.022503	60
68.801663	68.991253	72
69.045422	69.170422	55
69.078747	69.193340	64
69.364163	69.541256	72
69.376660	70.051663	48
69.632916	69.882916	55
69.645413	69.920422	64
69.926663	70.087078	60
69.943340	70.070416	72
70.187084	70.330837	55
70.197506	70.478756	64
70.478756	70.795422	72
70.478756	71.330837	48
70.757916	71.043331	56
70.757916	71.107922	65
71.026669	71.278744	60
71.041256	71.285000	72
71.307919	71.503750	56
71.326672	71.551663	65
71.622494	71.874584	72
71.630840	72.418331	48
71.914166	72.243328	67
71.916256	72.226666	57
72.214169	72.441250	72
72.222500	72.412090	60
72.478756	72.628750	57
72.478756	72.764172	67
72.760006	73.624584	48
72.766247	73.072506	72
73.059994	73.466244	70
73.064160	73.424587	64
73.072506	73.449581	60
73.426663	73.710003	58
73.426663	73.714169	72
73.768337	74.037090	70
73.778744	73.830837	60
73.824581	73.903744	64
74.255840	74.618344	41
74.274578	74.362087	65
74.287090	74.445431	69
74.412075	74.591244	70
74.597500	74.660000	69
74.601681	74.655819	48
74.614163	74.709988	72
74.897488	75.357906	53
74.932919	75.012081	65
74.932919	75.072506	69
75.080837	75.197506	70
75.093319	75.172512	67
75.232906	75.372494	60
75.243344	75.364163	69
75.249569	75.393337	72
75.557919	75.724575	69
75.570431	75.849575	60
75.572506	75.664181	65
75.572506	75.874569	53
75.732906	75.876675	70
75.747494	75.824581	67
75.912075	76.103756	72
75.918331	76.128750	69
76.245419	76.557919	53
76.253750	76.530819	60
76.253750	76.559994	72
76.253750	76.570431	69
76.826656	77.374569	52
76.912075	77.334988	55
76.953762	77.324581	60
76.968319	77.178738	67
76.972500	77.057919	64
77.124569	77.264156	70
77.289181	77.437069	72
77.293331	77.422512	67
77.589169	77.774594	70
77.597500	77.989163	52
77.605831	77.680844	64
77.605831	77.947506	60
77.618344	77.964169	55
77.768337	77.910000	67
77.774594	77.887081	72
77.924587	78.028744	70
78.239163	79.157925	52
78.253750	78.816250	70
78.272488	79.112087	60
78.285000	78.637081	64
78.295406	79.135006	55
78.778744	78.991238	69
78.805844	78.864163	65
78.972500	79.180844	64
78.974575	79.657925	67
79.657925	80.426663	53
79.680844	79.845425	65
79.839169	79.991238	67
80.010006	80.080837	69
80.010006	80.316250	60
80.014156	80.074581	65
80.020413	80.289181	57
80.320431	80.434994	65
80.480831	80.605831	67
80.651669	80.714169	69
80.653744	80.714169	65
80.678738	80.724575	60
80.693325	80.753750	57
80.968319	81.391262	53
80.978756	81.191250	65
80.982906	81.224575	69
81.285000	81.449581	70
81.285000	81.510006	67
81.297512	81.366238	60
81.307919	81.399594	57
81.643337	81.768337	69
81.647488	81.768337	72
81.970425	82.174587	77
81.974575	82.051663	60
81.976681	82.070431	57
82.139156	82.324581	76
82.293331	82.807919	53
82.316250	82.757931	74
82.620419	82.699581	60
82.630825	82.705837	57
82.814175	82.866238	72
82.964169	83.343319	72
82.976681	83.122769	65
82.989163	83.112087	60
82.991238	83.132931	57
83.280819	83.353756	65
83.305844	83.378750	60
83.453762	83.547512	71
83.624569	83.910000	72
83.624569	84.141262	53
83.949581	84.030819	65
83.966244	84.039181	60
84.280819	84.420406	81
84.293331	84.441250	57
84.295406	84.437069	65
84.449581	84.643337	77
84.610012	84.726681	60
84.616238	84.853756	84
84.787075	84.953762	81
84.970425	85.870419	53
84.970425	86.076656	79
85.707913	85.849575	64
85.712094	85.870419	56
86.045406	86.168331	64
86.062069	86.116238	56
86.387081	86.647488	76
86.387081	86.901669	53
86.709988	86.885006	64
86.718319	86.903744	57
87.049587	87.187069	76
87.207913	87.337094	72
87.387081	87.455837	57
87.389156	87.470425	64
87.389156	87.555844	79
87.555844	87.724575	76
87.697506	88.062069	52
87.749569	89.076656	74
88.066250	88.193325	55
88.070431	88.182919	64
88.401669	88.526669	64
88.416256	88.555844	55
88.739163	88.893337	60
88.741238	88.847500	64
89.028744	89.595425	52
89.072506	89.430844	72
89.385006	89.591244	57
89.385006	89.624569	64
89.695431	89.882931	72
89.868344	89.999569	69
90.039181	90.178738	76
90.051663	90.118344	64
90.064175	90.124569	57
90.084988	90.132931	60
90.212094	90.328762	72
90.376675	90.476681	81
90.382931	90.780819	50
90.553738	90.639156	76
90.714169	90.845425	84
90.722500	90.822506	62
90.722500	90.845425	57
90.868344	91.047512	81
91.024594	91.339169	88
91.028744	91.156094	62
91.057919	91.132931	57
91.207913	91.380825	81
91.374569	91.528744	84
91.385006	91.470425	62
91.397488	91.476681	53
91.543331	91.680844	76
91.714169	92.147488	50
91.716244	91.868344	86
91.887081	91.991238	76
92.055844	92.195431	62
92.064175	92.187069	84
92.084988	92.184994	53
92.093319	92.178738	57
92.237087	92.341244	76
92.397488	92.595425	83
92.424587	92.478756	62
92.428738	92.539181	57
92.434994	92.551663	53
92.578762	92.712094	76
92.745419	92.949581	84
92.924587	93.078762	76
93.084988	93.132931	43
93.112087	93.274594	83
93.124569	93.349575	86
93.459988	93.597500	84
93.466244	93.610012	81
93.470425	93.893337	55
93.605831	93.655819	83
93.637081	93.724575	79
93.799587	93.947506	77
93.807919	93.951656	81
93.809994	93.870419	67
93.830837	93.887081	62
93.845425	93.901669	59
93.959988	94.003750	79
93.966244	94.049587	76
94.116238	94.193325	67
94.124569	94.260006	74
94.132931	94.268337	77
94.280819	94.320431	76
94.289181	94.397488	72
94.445431	94.497494	67
94.455837	94.514156	59
94.455837	94.566250	71
94.455837	94.580837	74
94.472500	94.526669	62
94.610012	94.645413	72
94.618344	94.684994	69
94.787075	94.926663	71
94.793331	94.924587	67
94.803738	94.855831	62
94.937069	94.989163	69
94.951656	95.107906	65
95.120419	95.449581	55
95.137081	95.476681	67
95.149594	95.439175	64
95.459988	95.851681	65
95.472500	95.522488	59
95.478756	95.532925	62
95.828762	96.789181	48
95.843319	96.068325	64
95.862087	95.955837	60
96.182919	96.320431	64
96.199581	96.282925	55
96.353756	96.459988	60
96.520413	96.624569	67
96.520413	96.672512	52
96.674587	96.755825	64
96.841244	96.966244	60
96.855831	96.987087	72
97.001675	97.160000	67
97.174587	97.672512	76
97.176663	98.051663	48
97.512081	97.666256	60
97.566250	97.645413	52
97.691250	97.951656	74
97.851681	97.980831	60
97.999569	98.118344	55
98.166256	98.212094	52
98.187069	98.332913	72
98.522488	100.939175	45
98.551663	98.682919	72
98.887081	98.989163	64
98.905819	98.993344	52
99.043331	99.145413	60
99.207913	99.305844	69
99.212094	99.353756	57
99.366238	99.445431	64
99.543331	99.682919	57
99.543331	99.689175	72
99.689175	99.928738	69
99.872494	99.991238	57
99.882931	100.012081	76
99.932919	100.016262	48
100.207913	100.343319	57
100.207913	100.368344	69
100.255825	100.334988	52
100.387081	100.457913	64
100.557919	100.812069	69
100.574581	100.703762	57
100.745419	100.903744	60
100.905819	101.062069	64
100.930844	100.989163	48
101.066250	101.224575	57
101.272488	101.743344	60
101.272488	101.799587	41
101.622494	101.768337	53
101.807919	101.949581	57
101.980831	102.130825	60
102.143337	102.222500	57
102.291256	102.412075	64
102.305844	102.395413	53
102.464169	102.597500	60
102.605831	102.735012	69
102.649594	103.612087	41
102.668331	102.895413	53
102.797512	102.910000	60
102.951656	103.128750	69
103.126675	103.239163	64
103.297512	103.416256	72
103.314175	103.459988	53
103.470425	103.576656	64
103.635006	103.687069	48
103.647488	103.841244	72
103.809994	103.987087	69
103.985012	104.062069	43
103.993344	105.697506	76
104.332913	104.416256	59
104.347500	104.403744	55
104.499569	104.578762	55
104.503750	104.570431	59
104.664181	104.795406	55
104.666256	104.780819	59
104.993344	105.249569	60
105.003750	105.285000	57
105.324581	105.641262	62
105.330837	105.628750	59
105.682919	106.145413	71
105.699581	105.955837	67
106.037075	106.466244	62
106.049587	106.351681	65
106.420406	106.557919	67
106.430844	106.562069	64
106.778744	107.024594	60
106.780819	106.997494	64
107.128750	107.278744	60
107.139156	107.299587	64
107.301663	107.520413	65
107.312069	107.472500	62
107.482906	107.537075	64
107.491238	107.539181	67
107.820431	107.945431	67
107.822506	108.012081	64
108.001675	108.122494	65
108.039181	108.135006	62
108.178738	108.220425	64
108.187069	108.230831	60
108.501675	108.589169	64
108.510006	108.572506	60
108.516262	108.670406	76
108.522488	108.635006	72
108.684994	108.816250	77
108.695431	108.760006	74
108.857906	108.912075	67
108.857906	109.193325	79
108.860012	108.918331	64
108.868344	109.153744	76
109.176663	109.228756	65
109.180844	109.505825	77
109.191250	109.249569	62
109.195431	109.480831	74
109.532925	109.635006	62
109.532925	110.278744	76
109.545406	110.253750	72
109.553738	109.618344	59
109.872494	110.001675	62
109.885006	110.026669	59
110.045406	110.218319	64
110.055844	110.203762	60
110.230831	110.274594	65
110.235012	110.280819	62
110.530819	110.707913	71
110.535000	110.616238	65
110.543331	110.630825	67
110.545406	110.612087	62
110.709988	110.847500	72
110.714169	110.770413	64
110.714169	110.782925	69
110.732906	110.785000	60
110.887081	112.809994	74
110.891262	110.941250	62
110.891262	112.614163	71
110.897488	110.939175	59
111.222500	111.532925	62
111.235012	111.472500	59
111.660000	111.726681	59
111.947506	112.020413	62
111.953762	112.014156	59
112.299587	112.445431	55
112.305844	112.451656	59
112.643337	112.795406	55
112.649594	112.768337	59
112.820431	113.007931	60
112.826656	112.920406	57
112.997494	113.062069	62
113.001675	113.049587	59
113.326656	113.607906	59
113.330837	113.676663	62
113.349575	113.553738	71
113.353756	113.532925	67
113.524594	113.616238	69
113.545406	113.664181	72
113.684994	113.897488	60
113.701656	115.207913	74
113.707913	113.889156	57
113.709988	115.351681	71
114.030819	114.132931	59
114.037075	114.149594	55
114.376675	114.703762	55
114.382931	114.724575	59
114.703762	114.889156	57
114.726681	114.818325	53
115.076656	115.959988	52
115.076656	115.976681	55
115.403744	115.968319	60
115.566250	115.920406	64
115.762081	115.972500	67
115.905819	116.076656	72
116.053738	116.312069	74
116.232906	116.970425	79
116.410000	116.757931	50
116.762081	117.318325	57
116.947506	117.262081	60
117.087094	117.268337	65
117.276669	117.487087	67
117.443325	117.651669	72
117.622494	118.364163	79
117.797512	118.110012	48
118.145413	118.805844	55
118.320431	118.632931	59
118.487087	118.695431	64
118.660000	118.851681	67
118.820431	119.041256	71
119.005825	119.820431	79
119.187069	119.539181	50
119.551663	120.084988	57
119.722500	120.070431	60
119.897488	120.068325	65
120.070431	120.280819	69
120.239163	120.412075	72
120.414181	120.535000	81
120.607906	121.182919	81
120.610012	120.951656	55
120.789181	120.978756	62
120.976681	121.070431	67
121.141262	121.187069	71
121.322506	121.924587	79
121.364163	121.676663	59
121.555844	121.764156	67
121.568325	121.635006	65
121.707913	121.764156	71
121.912075	122.045406	74
122.114163	122.645413	60
122.124569	122.624569	77
122.322506	122.557919	64
122.520413	122.705837	67
122.689175	122.768337	72
122.880825	123.357906	62
122.905819	123.424587	76
123.110012	123.410000	67
123.309994	123.457913	71
123.501675	123.584988	74
123.689175	124.057919	63
123.712094	123.887081	74
123.893337	124.072506	66
124.062069	124.266262	69
124.110012	124.266262	76
124.257931	124.389156	72
124.285000	124.455837	77
124.462094	124.778744	64
124.472500	124.764156	76
124.657925	124.876675	67
124.860012	124.910000	71
124.876675	125.124569	74
125.249569	125.455837	56
125.266262	125.643337	74
125.462094	125.714169	64
125.637081	125.689175	71
125.647488	125.822506	72
125.809994	125.991238	71
126.010006	126.289181	72
126.039181	126.462094	57
126.230831	126.382931	60
126.422512	126.541256	69
126.430844	126.493344	64
126.607906	126.747494	71
126.822506	127.066250	72
126.837094	127.457913	53
127.012081	127.399594	60
127.203762	127.443325	65
127.393337	127.555844	67
127.601681	128.147488	69
127.607906	128.170406	72
128.212094	128.341244	67
128.301663	128.407925	69
128.366238	129.618344	53
128.372494	128.703762	72
128.578762	129.328762	60
128.770413	129.660000	65
128.959988	129.110012	67
129.168331	129.357906	72
129.176663	129.303738	69
129.522488	129.651669	71
129.714169	129.857906	72
129.922512	130.939175	55
129.934994	130.207913	74
130.135006	130.939175	62
130.330837	130.968319	67
130.503750	130.660000	69
130.728756	131.045406	74
130.737087	130.974575	71
131.089169	131.187069	69
131.518337	131.843319	74
131.518337	132.249569	62
131.518337	132.260006	55
131.528744	132.107906	67
131.532925	131.876675	71
132.349575	132.487087	71
132.355831	132.512081	74
132.524594	132.670406	69
132.543331	132.680844	72
132.712094	133.135006	71
132.724575	132.989163	67
133.093319	134.247494	48
133.116238	133.495419	72
133.476681	133.901669	55
133.682919	133.941250	60
133.876675	134.047512	64
134.053738	134.199581	67
134.270413	134.418331	72
134.276669	134.351681	60
134.432919	134.614163	67
134.651669	135.582913	48
134.670406	134.876675	64
134.857906	135.022488	67
135.049587	135.230831	72
135.053738	135.274594	55
135.239163	135.403744	67
135.430844	135.568325	60
135.430844	135.595669	64
135.610012	135.830837	67
135.860012	135.976681	72
136.010006	136.089169	67
136.212094	136.312069	43
136.239163	136.410000	62
136.430844	136.537075	65
136.624569	136.772488	55
136.628750	136.797512	72
136.643337	136.801663	59
136.814175	136.993344	65
137.028744	137.372494	55
137.032925	137.218319	72
137.032925	137.389156	59
137.207913	137.432919	65
137.418331	137.612087	71
137.610012	137.841244	65
137.807919	138.630825	48
137.818325	138.062069	72
138.003750	138.162075	67
138.176663	138.430844	55
138.199581	138.326656	64
138.372494	138.614163	67
138.591244	138.724575	60
138.595425	138.722500	72
139.366238	140.141262	62
139.376675	139.524594	74
139.543331	139.645413	77
139.718319	139.826656	84
139.724575	139.805844	81
139.724575	139.855831	69
139.728756	139.857906	65
139.728756	139.866238	72
139.895413	140.066250	77
140.105831	140.264156	81
140.105831	140.293331	84
140.122494	140.207913	72
140.122494	140.266262	65
140.128750	140.199581	69
140.295406	140.391262	77
140.530819	140.732906	79
140.541256	140.645413	67
140.541256	140.649594	71
140.547512	140.791256	83
140.830837	140.955837	74
141.149594	142.453762	60
141.164181	142.407925	64
141.197506	142.397488	72
141.216244	141.380825	67
141.237087	142.387081	76
141.264156	142.420406	84
141.295406	142.337094	79
