3.340000	3.523333	65
3.340000	3.525417	69
3.340000	3.542083	62
3.340000	3.552500	50
3.721250	3.819167	65
3.721250	3.829583	69
3.731667	3.844167	50
3.735833	3.840000	62
4.040000	4.150417	62
4.042083	4.127500	65
4.042083	4.129583	69
4.046250	4.154583	50
4.342083	4.469167	65
4.342083	4.473333	69
4.344167	4.471250	62
4.348333	4.477500	50
4.635833	4.777500	50
4.640000	4.748333	65
4.640000	4.752500	62
4.644167	4.777500	69
4.917083	5.048333	50
4.929583	5.073333	65
4.933750	5.031667	62
4.937917	5.069167	69
5.237917	5.373333	62
5.237917	5.373333	69
5.237917	5.373333	65
5.244167	5.379583	57
5.246250	5.354583	50
5.535833	5.675417	69
5.542083	5.654583	65
5.552500	5.694167	62
5.560833	5.656667	57
5.575417	5.665000	50
5.825417	5.948333	50
5.829583	5.975417	65
5.837917	5.937917	62
5.837917	6.010833	69
5.844167	5.933750	57
6.135833	6.262917	62
6.135833	6.308750	69
6.142083	6.302500	65
6.148333	6.262917	57
6.148333	6.265000	50
6.425417	6.571250	69
6.429583	6.569167	65
6.431667	6.544167	62
6.440000	6.546250	57
6.456667	6.533750	50
6.717083	6.850417	69
6.721250	6.844167	62
6.721250	6.856667	65
6.729583	6.792083	57
6.750417	6.829583	50
7.004583	7.181667	70
7.006667	7.179583	65
7.008750	7.171250	50
7.010833	7.150417	62
7.025417	7.137917	58
7.296250	7.431667	70
7.308750	7.425417	65
7.308750	7.442083	58
7.312917	7.450417	62
7.325417	7.440000	50
7.594167	7.725417	62
7.604583	7.706667	58
7.604583	7.733750	70
7.604583	7.748333	65
7.610833	7.721250	50
7.883750	8.023333	70
7.890000	7.983750	50
7.890000	8.012917	65
7.894167	8.012917	62
7.894167	8.025417	58
8.160833	8.300417	58
8.167083	8.296250	70
8.173333	8.252500	62
8.179583	8.277500	65
8.219167	8.283750	50
8.460833	8.598333	70
8.465000	8.590000	58
8.473333	8.579583	65
8.473333	8.623333	62
8.487917	8.569167	50
8.740000	8.917083	62
8.752500	8.919167	70
8.756667	8.902500	50
8.756667	8.919167	65
8.769167	8.921250	58
9.019167	9.152500	70
9.033750	9.156667	58
9.042083	9.152500	65
9.048333	9.133750	50
9.048333	9.148333	62
9.331667	9.437917	62
9.337917	9.437917	70
9.344167	9.458750	65
9.346250	9.431667	50
9.350417	9.419167	58
9.646250	9.735833	50
9.646250	9.762917	62
9.646250	9.794167	65
9.646250	9.802500	70
9.654583	9.742083	58
9.917083	10.090000	72
9.919167	10.083750	65
9.931667	10.044167	62
9.931667	10.054583	58
9.954583	10.027500	50
10.187917	10.262917	58
10.194167	10.331667	70
10.198333	10.315000	62
10.204583	10.275417	50
10.204583	10.331667	65
10.467083	10.652500	62
10.481667	10.694167	65
10.487917	10.637917	50
10.494167	10.602500	57
10.498333	10.675417	69
10.756667	10.869167	62
10.756667	10.896250	65
10.769167	10.869167	69
10.771250	10.852500	57
10.771250	10.862917	50
11.023333	11.160833	65
11.031667	11.140000	50
11.031667	11.146250	62
11.044167	11.125417	57
11.048333	11.165000	69
11.317083	11.448333	65
11.317083	11.473333	69
11.329583	11.435833	62
11.333750	11.431667	50
11.340000	11.419167	57
11.594167	11.744167	69
11.606667	11.706667	62
11.612917	11.742083	65
11.625417	11.710833	50
11.631667	11.702500	57
11.915000	12.048333	69
11.921250	12.050417	65
11.933750	12.037917	62
11.935833	12.033750	50
11.944167	12.019167	57
12.208750	12.300417	62
12.208750	12.325417	69
12.208750	12.329583	65
12.215000	12.298333	50
12.219167	12.294167	57
12.479583	12.600417	65
12.483750	12.602500	69
12.487917	12.579583	62
12.498333	12.590000	50
12.500417	12.575417	57
12.765000	12.894167	62
12.769167	12.885833	65
12.769167	12.902500	69
12.769167	12.908750	50
12.783750	12.883750	57
13.048333	13.167083	62
13.067083	13.162917	50
13.067083	13.198333	65
13.071250	13.212917	69
13.075417	13.137917	57
13.342083	13.408750	62
13.356667	13.487917	65
13.358750	13.435833	57
13.358750	13.442083	50
13.358750	13.496250	69
13.646250	13.702500	69
13.654583	13.700417	65
13.852500	14.094167	41
13.944167	14.067083	48
13.952500	14.052500	53
13.979583	14.096250	65
13.985833	14.092083	60
13.992083	14.131667	69
14.244167	14.390000	69
14.256667	14.360833	65
14.258750	14.365000	53
14.258750	14.365000	41
14.269167	14.356667	60
14.273333	14.352500	48
14.531667	14.625417	53
14.537917	14.615000	48
14.542083	14.633750	41
14.544167	14.654583	60
14.550417	14.642083	65
14.552500	14.685833	69
14.821250	14.937917	53
14.827500	14.967083	41
14.831667	14.917083	48
14.831667	14.937917	65
14.831667	14.944167	60
14.831667	14.954583	69
15.094167	15.204583	69
15.100417	15.183750	53
15.106667	15.179583	48
15.106667	15.200417	60
15.106667	15.204583	65
15.110833	15.198333	41
15.394167	15.506667	69
15.394167	15.523333	65
15.394167	15.548333	60
15.402500	15.492083	53
15.410833	15.487917	48
15.435833	15.510833	41
15.687917	15.817083	53
15.694167	15.815000	60
15.694167	15.835833	41
15.694167	15.854583	69
15.706667	15.779583	48
15.706667	15.804583	65
15.977500	16.079583	53
15.983750	16.079583	41
15.983750	16.117083	69
15.985833	16.058750	48
15.985833	16.085833	65
15.985833	16.087917	60
16.265000	16.360833	53
16.277500	16.415000	69
16.279583	16.354583	48
16.279583	16.365000	41
16.279583	16.375417	65
16.279583	16.396250	60
16.556667	16.685833	53
16.562917	16.694167	60
16.567083	16.727500	69
16.571250	16.708750	65
16.573333	16.673333	41
16.585833	16.652500	48
16.854583	16.952500	53
16.860833	16.977500	60
16.865000	16.994167	69
16.867083	16.967083	65
16.871250	16.960833	41
16.873333	16.946250	48
17.117083	17.183750	53
17.142083	17.237917	41
17.144167	17.287917	69
17.148333	17.252500	60
17.165000	17.229583	48
17.169167	17.237917	65
17.415000	17.604583	48
17.423333	17.604583	36
17.444167	17.619167	67
17.444167	17.631667	60
17.454583	17.629583	64
17.708750	17.842083	67
17.715000	17.815000	48
17.721250	17.810833	64
17.721250	17.819167	36
17.727500	17.823333	60
17.975417	18.079583	48
17.990000	18.077500	36
17.998333	18.150417	67
18.002500	18.140000	60
18.027500	18.090000	64
18.277500	18.421250	48
18.281667	18.454583	67
18.283750	18.431667	36
18.292083	18.415000	60
18.298333	18.408750	64
18.548333	18.681667	67
18.560833	18.642083	48
18.560833	18.648333	36
18.571250	18.650417	60
18.592083	18.667083	64
18.846250	18.950417	48
18.848333	18.944167	36
18.858750	19.017083	67
18.860833	18.987917	60
18.877500	18.948333	64
19.152500	19.346250	38
19.152500	19.346250	50
19.158750	19.352500	60
19.160833	19.342083	67
19.175417	19.346250	64
19.444167	19.575417	67
19.452500	19.546250	50
19.458750	19.548333	38
19.460833	19.537917	64
19.465000	19.542083	60
19.710833	19.767083	38
19.719167	19.773333	50
19.735833	19.871250	67
19.740000	19.837917	60
19.746250	19.833750	64
20.008750	20.204583	67
20.019167	20.202500	64
20.019167	20.219167	60
20.019167	20.271250	39
20.019167	20.281667	51
20.306667	20.452500	67
20.312917	20.437917	60
20.315000	20.406667	64
20.602500	20.669167	51
20.606667	20.662917	39
20.612917	20.754583	67
20.615000	20.710833	60
20.621250	20.685833	64
20.898333	21.075417	52
20.898333	21.104583	40
20.915000	21.106667	67
20.921250	21.071250	60
20.927500	21.077500	64
21.198333	21.296250	64
21.198333	21.335833	67
21.202500	21.340000	52
21.208750	21.300417	60
21.208750	21.358750	40
21.492083	21.615000	67
21.496250	21.623333	40
21.504583	21.602500	52
21.504583	21.615000	60
21.529583	21.604583	64
21.775417	21.937917	60
21.779583	21.923333	52
21.779583	21.935833	40
21.779583	21.962917	67
22.052500	22.217083	67
22.056667	22.192083	60
22.067083	22.200417	40
22.073333	22.185833	52
22.335833	22.471250	40
22.352500	22.454583	52
22.352500	22.487917	67
22.360833	22.485833	60
22.640000	22.829583	40
22.646250	22.827500	52
22.646250	22.833750	67
22.646250	22.858750	60
22.646250	22.869167	72
22.942083	23.085833	40
22.950417	23.102500	60
22.952500	23.067083	52
22.954583	23.108750	72
22.956667	23.092083	67
23.231667	23.325417	40
23.235833	23.331667	52
23.246250	23.356667	60
23.246250	23.375417	72
23.262917	23.335833	67
23.535833	23.662917	52
23.544167	23.648333	40
23.548333	24.092083	72
23.560833	23.694167	60
23.833750	23.921250	52
23.842083	23.927500	40
23.844167	23.977500	60
24.190000	24.242083	40
24.192083	24.275417	52
24.202500	24.350417	67
24.208750	24.348333	60
24.512917	24.683750	43
24.517083	24.710833	70
24.517083	24.725417	62
24.527500	24.683750	55
24.546250	24.671250	50
24.808750	24.946250	70
24.819167	24.944167	43
24.827500	24.960833	62
24.833750	24.919167	55
25.106667	25.246250	70
25.125417	25.204583	55
25.125417	25.265000	62
25.137917	25.225417	43
25.142083	25.206667	50
25.396250	25.519167	43
25.396250	25.556667	62
25.400417	25.565000	70
25.406667	25.519167	55
25.408750	25.523333	50
25.412917	25.525417	65
25.667083	25.806667	70
25.677500	25.810833	62
25.685833	25.800417	65
25.690000	25.762917	55
25.696250	25.777500	50
25.710833	25.800417	43
25.958750	26.079583	55
25.958750	26.079583	62
25.958750	26.079583	65
25.958750	26.096250	70
25.977500	26.062917	50
25.996250	26.075417	43
26.250417	26.425417	70
26.252500	26.379583	55
26.258750	26.379583	43
26.258750	26.410833	62
26.265000	26.427500	65
26.269167	26.356667	50
26.527500	26.675417	70
26.542083	26.642083	55
26.542083	26.679583	62
26.548333	26.642083	43
26.562917	26.631667	50
26.562917	26.650417	65
26.810833	26.935833	55
26.823333	26.969167	70
26.825417	26.931667	50
26.831667	26.933750	62
26.852500	26.927500	65
26.852500	26.935833	43
27.131667	27.275417	70
27.135833	27.273333	55
27.135833	27.287917	62
27.154583	27.262917	43
27.158750	27.262917	65
27.160833	27.252500	50
27.421250	27.654583	69
27.425417	27.585833	62
27.429583	27.569167	55
27.452500	27.546250	43
27.452500	27.575417	50
27.683750	27.731667	55
27.690000	27.754583	50
27.690000	27.940000	67
27.706667	27.769167	43
27.981667	28.152500	69
27.990000	28.142083	53
27.992083	28.140000	60
27.992083	28.142083	48
28.002500	28.160833	41
28.017083	28.129583	65
28.260833	28.385833	53
28.267083	28.408750	69
28.273333	28.406667	60
28.275417	28.371250	48
28.275417	28.410833	65
28.281667	28.367083	41
28.556667	28.658750	53
28.558750	28.667083	48
28.567083	28.717083	69
28.577500	28.652500	41
28.577500	28.687917	65
28.581667	28.704583	60
28.835833	28.946250	53
28.842083	29.000417	69
28.844167	28.960833	48
28.846250	28.958750	60
28.846250	28.981667	41
28.854583	28.994167	65
29.098333	29.244167	69
29.119167	29.221250	53
29.119167	29.254583	60
29.123333	29.212917	65
29.127500	29.231667	48
29.135833	29.252500	41
29.404583	29.540000	60
29.404583	29.546250	69
29.415000	29.492083	53
29.415000	29.517083	48
29.423333	29.517083	41
29.454583	29.527500	65
29.692083	29.823333	53
29.694167	29.850417	69
29.698333	29.831667	60
29.698333	29.860833	41
29.702500	29.817083	48
29.702500	29.825417	65
29.967083	30.110833	69
29.973333	30.087917	60
29.979583	30.087917	65
29.985833	30.092083	53
29.996250	30.075417	48
30.002500	30.083750	41
30.262917	30.315000	60
30.262917	30.373333	53
30.267083	30.321250	65
30.275417	30.398333	48
30.292083	30.365000	41
30.544167	30.729583	69
30.550417	30.683750	58
30.567083	30.683750	53
30.575417	30.679583	48
30.594167	30.683750	41
30.827500	30.969167	53
30.835833	31.087917	67
30.848333	30.942083	48
30.852500	30.954583	41
30.867083	30.923333	58
31.098333	31.333750	65
31.112917	31.242083	53
31.123333	31.212917	41
31.125417	31.262917	48
31.398333	31.552500	58
31.398333	31.617083	67
31.408750	31.552500	48
31.408750	31.558750	53
31.431667	31.533750	41
31.665000	31.817083	67
31.685833	31.773333	58
31.685833	31.798333	53
31.687917	31.819167	48
31.700417	31.850417	64
31.702500	31.787917	41
31.971250	32.083750	58
31.971250	32.127500	67
31.975417	32.104583	64
31.979583	32.100417	53
31.996250	32.085833	48
32.017083	32.102500	41
32.240000	32.398333	67
32.250417	32.369167	58
32.250417	32.381667	53
32.256667	32.404583	64
32.271250	32.356667	48
32.279583	32.371250	41
32.523333	32.669167	64
32.527500	32.640000	58
32.531667	32.696250	67
32.542083	32.652500	53
32.554583	32.637917	48
32.558750	32.637917	41
32.806667	32.946250	53
32.806667	32.956667	67
32.815000	32.910833	58
32.825417	32.942083	48
32.825417	32.973333	64
32.833750	32.915000	41
33.106667	33.223333	58
33.106667	33.277500	53
33.106667	33.281667	67
33.106667	33.329583	64
33.119167	33.279583	48
33.119167	33.281667	41
33.383750	33.519167	53
33.385833	33.519167	67
33.390000	33.479583	58
33.392083	33.519167	64
33.392083	33.523333	48
33.429583	33.506667	41
33.662917	33.719167	48
33.673333	33.740000	41
33.683750	33.783750	58
33.687917	33.831667	67
33.698333	33.860833	64
33.952500	34.181667	48
33.969167	34.210833	36
33.969167	34.262917	67
33.979583	34.192083	58
34.277500	34.550417	65
34.287917	34.362917	58
34.294167	34.404583	48
34.312917	34.425417	36
34.575417	34.627500	48
34.575417	34.673333	36
34.579583	34.723333	64
34.927500	35.119167	41
34.931667	35.154583	29
34.935833	35.150417	65
34.958750	35.135833	57
35.242083	35.371250	57
35.242083	35.385833	65
35.265000	35.367083	41
35.267083	35.377500	29
35.537917	35.629583	29
35.540000	35.642083	41
35.544167	35.654583	57
35.550417	35.710833	65
35.817083	36.056667	65
35.829583	36.025417	58
35.837917	35.948333	46
35.844167	35.977500	34
36.150417	36.294167	65
36.154583	36.283750	58
36.162917	36.212917	34
36.162917	36.227500	46
36.421250	36.462917	46
36.427500	36.542083	58
36.433750	36.477500	34
36.444167	36.567083	65
36.710833	36.883750	53
36.717083	36.908750	41
36.723333	36.881667	65
36.725417	36.865000	57
36.987917	37.098333	53
37.010833	37.094167	41
37.023333	37.112917	57
37.023333	37.158750	65
37.277500	37.344167	65
37.281667	37.352500	41
37.283750	37.335833	57
37.285833	37.354583	53
37.598333	37.721250	46
37.598333	37.737917	58
37.610833	37.767083	77
37.633750	37.702500	70
37.648333	37.704583	69
37.883750	37.996250	58
37.883750	38.008750	70
37.894167	38.054583	77
37.898333	37.973333	46
38.167083	38.210833	58
38.171250	38.219167	46
38.183750	38.275417	70
38.198333	38.348333	77
38.469167	38.637917	53
38.492083	38.658750	77
38.494167	38.667083	65
38.500417	38.633750	69
38.777500	38.881667	65
38.787917	38.921250	77
38.794167	38.879583	53
38.798333	38.927500	69
39.067083	39.110833	69
39.067083	39.121250	53
39.067083	39.135833	65
39.077500	39.123333	77
39.354583	39.485833	58
39.356667	39.475417	70
39.385833	39.548333	89
39.404583	39.456667	82
39.408750	39.454583	83
39.640000	39.806667	89
39.650417	39.769167	70
39.650417	39.779583	82
39.671250	39.727500	58
39.935833	39.983750	70
39.946250	40.031667	82
39.946250	40.085833	89
39.952500	39.992083	58
40.233750	40.394167	65
40.237917	40.404583	89
40.244167	40.365000	77
40.252500	40.381667	81
40.517083	40.598333	77
40.517083	40.610833	65
40.523333	40.685833	89
40.529583	40.627500	81
40.787917	40.833750	65
40.794167	40.837917	81
40.794167	40.873333	77
40.794167	40.879583	89
41.162917	41.306667	82
41.162917	41.323333	94
41.162917	41.427500	101
41.181667	41.281667	70
41.554583	41.669167	82
41.554583	41.679583	70
41.567083	41.790000	101
41.569167	41.731667	94
41.890000	41.973333	70
41.908750	42.017083	82
41.935833	42.056667	94
41.940000	42.121250	101
42.456667	42.550417	101
42.462917	42.523333	93
42.475417	42.560833	89
42.494167	42.565000	88
42.500417	42.562917	84
42.769167	42.867083	89
42.779583	42.879583	93
42.779583	42.908750	101
42.798333	42.875417	77
42.815000	42.885833	84
43.046250	43.112917	93
43.046250	43.115000	101
43.048333	43.137917	89
43.071250	43.171250	77
43.083750	43.154583	84
43.321250	43.452500	89
43.325417	43.473333	93
43.340000	43.435833	77
43.346250	43.408750	84
43.627500	43.708750	84
43.631667	43.733750	89
43.631667	43.756667	93
43.654583	43.742083	77
43.896250	43.946250	93
43.900417	43.962917	89
43.921250	43.983750	77
43.935833	43.994167	84
44.175417	44.294167	84
44.175417	44.329583	89
44.458750	44.567083	77
44.458750	44.600417	89
44.462917	44.583750	65
44.467083	44.581667	84
44.727500	44.806667	89
44.735833	44.812917	84
44.746250	44.829583	77
44.754583	44.821250	72
44.756667	44.837917	65
45.012917	45.135833	81
45.012917	45.154583	77
45.021250	45.148333	65
45.021250	45.187917	84
45.050417	45.110833	72
45.298333	45.385833	72
45.304583	45.456667	84
45.306667	45.383750	65
45.310833	45.446250	81
45.579583	45.629583	84
45.592083	45.642083	81
45.594167	45.648333	72
45.604583	45.673333	65
45.877500	46.006667	72
45.881667	45.983750	65
45.887917	46.046250	77
46.160833	46.319167	77
46.169167	46.300417	72
46.171250	46.250417	65
46.171250	46.250417	69
46.450417	46.615000	72
46.450417	46.633750	77
46.458750	46.600417	65
46.462917	46.583750	69
46.721250	46.894167	69
46.725417	46.887917	65
46.729583	46.923333	77
46.733750	46.894167	72
46.996250	47.135833	72
46.996250	47.140000	69
46.996250	47.150417	65
47.002500	47.160833	77
47.267083	47.333750	65
47.275417	47.329583	69
47.279583	47.385833	77
47.290000	47.435833	72
47.579583	47.760833	69
47.585833	47.783750	78
47.585833	47.794167	72
47.598333	47.773333	66
47.875417	48.037917	78
47.879583	47.990000	66
47.879583	48.008750	69
47.887917	48.033750	72
48.165000	48.290000	78
48.173333	48.252500	69
48.173333	48.315000	72
48.179583	48.248333	66
48.456667	48.567083	66
48.456667	48.608750	78
48.462917	48.604583	72
48.467083	48.554583	69
48.760833	48.892083	78
48.765000	48.837917	69
48.775417	48.848333	66
48.779583	48.850417	72
49.021250	49.227500	69
49.035833	49.292083	78
49.048333	49.108750	72
49.302500	49.465000	67
49.308750	49.479583	74
49.308750	49.483750	79
49.312917	49.485833	71
49.592083	49.721250	74
49.596250	49.731667	79
49.604583	49.712917	71
49.606667	49.708750	67
49.898333	50.015000	74
49.898333	50.021250	67
49.898333	50.037917	79
49.910833	50.029583	71
50.181667	50.302500	67
50.181667	50.315000	71
50.181667	50.317083	74
50.181667	50.354583	79
50.469167	50.569167	67
50.469167	50.594167	71
50.469167	50.596250	74
50.469167	50.631667	79
50.746250	50.873333	74
50.750417	50.877500	71
50.754583	50.917083	79
50.765000	50.858750	67
51.031667	51.135833	74
51.046250	51.177500	67
51.046250	51.183750	71
51.315000	51.425417	74
51.315000	51.435833	71
51.323333	51.421250	67
51.587917	51.729583	74
51.596250	51.702500	71
51.600417	51.721250	67
51.862917	52.071250	74
51.867083	52.123333	77
51.871250	52.006667	71
51.877500	52.044167	67
52.131667	52.412917	75
52.146250	52.283750	71
52.146250	52.292083	67
52.408750	52.504583	71
52.419167	52.504583	67
52.419167	52.521250	74
52.712917	53.125417	74
52.723333	52.900417	67
52.723333	52.908750	71
53.002500	53.104583	67
53.008750	53.081667	71
53.273333	53.402500	74
53.277500	53.383750	67
53.290000	53.373333	71
53.575417	53.646250	74
53.575417	53.660833	79
53.585833	53.669167	71
53.596250	53.675417	67
53.842083	53.954583	74
53.850417	53.979583	79
53.860833	53.996250	71
53.862917	53.985833	67
54.131667	54.208750	74
54.135833	54.208750	79
54.150417	54.206667	67
54.154583	54.208750	71
54.419167	54.515000	74
54.419167	54.525417	79
54.423333	54.510833	71
54.425417	54.517083	67
54.677500	54.794167	67
54.690000	54.804583	71
54.698333	54.790000	74
54.704583	54.810833	79
54.971250	55.083750	79
54.977500	55.048333	74
54.981667	55.058750	67
54.987917	55.075417	71
55.256667	55.435833	77
55.258750	55.379583	67
55.262917	55.400417	74
55.265000	55.390000	71
55.531667	55.737917	75
55.546250	55.646250	67
55.552500	55.640000	71
55.802500	55.942083	74
55.815000	55.904583	71
55.819167	55.915000	67
56.096250	56.319167	75
56.119167	56.283750	67
56.125417	56.269167	71
56.379583	56.496250	75
56.400417	56.512917	67
56.404583	56.510833	71
56.669167	56.804583	75
56.696250	56.823333	67
56.708750	56.790000	71
56.948333	57.073333	74
56.962917	57.071250	67
56.969167	57.052500	71
57.225417	57.340000	74
57.246250	57.331667	67
57.248333	57.321250	71
57.500417	57.581667	74
57.504583	57.573333	67
57.506667	57.571250	71
57.790000	57.925417	74
57.794167	57.919167	71
57.796250	57.908750	67
58.058750	58.167083	74
58.075417	58.146250	71
58.075417	58.158750	67
58.356667	58.444167	67
58.362917	58.465000	74
58.648333	58.852500	74
58.654583	58.800417	62
58.662917	58.810833	71
58.665000	58.775417	67
58.921250	59.221250	72
58.937917	59.010833	67
58.940000	59.023333	62
59.208750	59.415000	71
59.212917	59.340000	67
59.231667	59.306667	62
59.512917	59.646250	66
59.512917	59.692083	72
59.523333	59.631667	62
59.806667	59.942083	72
59.808750	59.890000	66
59.833750	59.908750	62
60.094167	60.227500	72
60.102500	60.210833	66
60.121250	60.192083	62
60.379583	60.483750	66
60.383750	60.587917	72
60.398333	60.471250	62
60.662917	60.783750	72
60.667083	60.735833	62
60.681667	60.760833	66
60.952500	61.048333	66
60.956667	61.102500	72
60.981667	61.058750	62
61.237917	61.317083	62
61.237917	61.404583	72
61.244167	61.302500	66
61.519167	61.675417	72
61.558750	61.648333	66
61.592083	61.671250	60
61.610833	61.683750	62
61.808750	62.000417	72
61.812917	61.921250	66
61.815000	61.919167	60
61.831667	61.906667	62
62.106667	62.373333	72
62.110833	62.237917	66
62.110833	62.256667	60
62.123333	62.275417	62
62.371250	62.665000	71
62.373333	62.487917	66
62.377500	62.479583	60
62.381667	62.492083	62
62.625417	62.685833	66
62.637917	62.717083	60
62.646250	62.769167	69
62.665000	62.731667	62
62.937917	63.087917	67
62.942083	63.079583	62
62.942083	63.094167	59
62.942083	63.112917	71
63.208750	63.356667	71
63.215000	63.340000	62
63.223333	63.306667	59
63.225417	63.354583	67
63.504583	63.646250	71
63.506667	63.587917	62
63.510833	63.571250	59
63.515000	63.610833	67
63.783750	63.896250	67
63.792083	63.856667	62
63.798333	63.858750	59
64.048333	64.162917	67
64.065000	64.162917	62
64.085833	64.140000	59
64.321250	64.425417	67
64.333750	64.398333	62
64.340000	64.412917	59
64.623333	64.719167	62
64.629583	64.787917	67
64.904583	65.044167	67
64.917083	65.031667	62
64.923333	65.021250	55
64.931667	64.996510	59
65.181667	65.258750	59
65.181667	65.279583	55
65.190000	65.333750	62
65.192083	65.342083	67
65.473333	65.633750	67
65.479583	65.650417	62
65.483750	65.604583	55
65.487917	65.596250	59
65.756667	65.931667	66
65.760833	65.946250	62
65.779583	65.877500	59
65.783750	65.867083	55
66.054583	66.281667	67
66.060833	66.115000	59
66.067083	66.154583	55
66.362917	66.527500	48
66.362917	66.537917	55
66.362917	66.598333	69
66.667083	66.808750	69
66.671250	66.785833	55
66.692083	66.754583	48
66.696250	66.771250	60
66.950417	67.106667	69
66.956667	67.083750	60
66.960833	67.077500	55
66.977500	67.050417	48
67.237917	67.352500	60
67.237917	67.377500	67
67.248333	67.352500	55
67.254583	67.325417	48
67.517083	67.654583	67
67.521250	67.648333	60
67.527500	67.610833	55
67.562917	67.627500	48
67.804583	67.931667	60
67.804583	67.940000	67
67.812917	67.885833	55
67.815000	67.898333	48
68.102500	68.185833	67
68.104583	68.190000	60
68.110833	68.181667	55
68.110833	68.185833	48
68.392083	68.494167	60
68.392083	68.504583	67
68.396250	68.462917	55
68.404583	68.475417	48
68.652500	68.740000	48
68.660833	68.725417	55
68.675417	68.890000	67
68.685833	68.794167	60
68.946250	69.115000	60
68.954583	69.083750	36
68.954583	69.175417	69
68.958750	69.100417	48
68.962917	69.183750	64
69.242083	69.327500	48
69.242083	69.346250	36
69.242083	69.460833	67
69.250417	69.404583	60
69.508750	69.548333	48
69.517083	69.735833	69
69.527500	69.750417	64
69.531667	69.583750	36
69.548333	69.617083	38
69.552500	69.610833	60
69.815000	69.942083	41
69.823333	70.021250	29
69.858750	69.960833	60
69.883750	70.046250	69
70.146250	70.256667	41
70.146250	70.298333	69
70.152500	70.265000	29
70.181667	70.273333	60
70.440000	70.581667	69
70.444167	70.535833	41
70.444167	70.552500	29
70.456667	70.575417	60
70.710833	70.798333	65
70.717083	70.817083	29
70.721250	70.804583	41
70.721250	70.821250	60
71.002500	71.135833	65
71.015000	71.083750	41
71.015000	71.090000	60
71.023333	71.102500	29
71.296250	71.394167	41
71.298333	71.398333	29
71.306667	71.412917	65
71.308750	71.377500	60
71.344167	71.392083	64
71.573333	71.742083	57
71.573333	71.779583	60
71.577500	71.754583	29
71.581667	71.742083	41
71.862917	72.004583	60
71.883750	71.975417	41
71.883750	71.977500	29
71.887917	71.954583	57
72.156667	72.258750	41
72.156667	72.267083	29
72.156667	72.283750	60
72.167083	72.235833	57
72.433750	72.585833	41
72.435833	72.583750	29
72.440000	72.637917	57
72.440000	72.671250	69
72.444167	72.629583	60
72.717083	72.850417	41
72.717083	72.962917	67
72.727500	72.879583	29
72.981667	73.040000	29
72.983750	73.044167	41
73.002500	73.152500	65
73.337917	73.462917	34
73.337917	73.508750	46
73.337917	73.577500	65
73.348333	73.540000	58
73.648333	73.725417	34
73.648333	73.729583	46
73.656667	73.787917	58
73.656667	73.804583	65
73.929583	74.037917	46
73.929583	74.127500	65
73.933750	74.019167	34
73.946250	74.073333	58
74.204583	74.340000	46
74.206667	74.337917	34
74.221250	74.340000	58
74.225417	74.406667	62
74.515000	74.665000	62
74.519167	74.581667	46
74.519167	74.633750	58
74.540000	74.604583	34
74.812917	74.854583	46
74.819167	74.875417	34
74.823333	74.925417	58
74.833750	75.006667	62
75.154583	75.383750	28
75.158750	75.335833	40
75.162917	75.344167	56
75.171250	75.367083	65
75.194167	75.348333	62
75.454583	75.635833	65
75.471250	75.608750	56
75.479583	75.594167	40
75.485833	75.617083	28
75.756667	75.940000	65
75.765000	75.867083	40
75.765000	75.883750	28
75.765000	75.887917	56
76.044167	76.254583	56
76.044167	76.281667	64
76.052500	76.219167	40
76.052500	76.231667	28
76.335833	76.469167	28
76.337917	76.458750	40
76.337917	76.458750	56
76.342083	76.512917	64
76.625417	76.677500	28
76.631667	76.754583	56
76.633750	76.683750	40
76.642083	76.771250	64
77.075417	77.317083	57
77.081667	77.340000	65
77.087917	77.319167	60
78.415000	79.081667	64
79.010833	79.265000	50
79.012917	79.254583	53
79.040000	79.298333	65
79.044167	79.267083	62
79.054583	79.235833	57
79.365000	79.500417	65
79.392083	79.462917	62
79.392083	79.481667	53
79.398333	79.471250	50
79.398333	79.471250	57
79.662917	79.787917	65
79.679583	79.760833	62
79.690000	79.750417	57
79.731667	79.827500	53
79.967083	80.112917	65
79.977500	80.108750	62
79.981667	80.121250	57
79.990000	80.092083	50
80.000417	80.081667	53
80.269167	80.410833	65
80.271250	80.360833	57
80.271250	80.360833	62
80.287917	80.362917	53
80.296250	80.371250	50
80.558750	80.706667	62
80.558750	80.708750	65
80.573333	80.667083	50
80.573333	80.667083	57
80.604583	80.685833	53
80.856667	81.023333	65
80.858750	81.021250	62
80.865000	80.987917	57
80.875417	80.979583	53
80.879583	80.958750	50
81.140000	81.283750	65
81.152500	81.262917	62
81.169167	81.256667	57
81.187917	81.262917	53
81.225417	81.277500	50
81.442083	81.581667	65
81.450417	81.583750	62
81.458750	81.546250	57
81.471250	81.537917	53
81.473333	81.548333	50
81.727500	81.840000	62
81.729583	81.850417	65
81.733750	81.848333	69
81.733750	81.862917	57
81.742083	81.850417	50
81.748333	81.833750	53
82.017083	82.179583	65
82.017083	82.179583	62
82.031667	82.127500	57
82.037917	82.142083	50
82.329583	82.475417	65
82.335833	82.452500	62
82.340000	82.417083	57
82.350417	82.412917	53
82.625417	82.796250	65
82.625417	82.798333	60
82.635833	82.802500	69
82.637917	82.812917	57
82.642083	82.804583	53
82.642083	82.815000	48
82.900417	83.037917	65
82.910833	83.029583	60
82.927500	83.006667	57
82.927500	83.010833	53
82.944167	83.017083	48
83.198333	83.323333	60
83.198333	83.331667	65
83.240000	83.319167	53
83.250417	83.310833	57
83.485833	83.606667	65
83.485833	83.617083	60
83.498333	83.590000	53
83.504583	83.577500	57
83.510833	83.581667	48
83.773333	83.912917	65
83.779583	83.910833	60
83.787917	83.877500	53
83.787917	83.896250	48
83.800417	83.883750	57
84.060833	84.198333	65
84.062917	84.185833	60
84.067083	84.150417	57
84.075417	84.148333	53
84.081667	84.152500	48
84.358750	84.477500	60
84.358750	84.500417	65
84.367083	84.460833	57
84.373333	84.458750	48
84.377500	84.446250	53
84.640000	84.727500	60
84.640000	84.744167	65
84.665000	84.731667	57
84.669167	84.735833	53
84.935833	85.042083	65
84.944167	85.008750	60
84.944167	85.017083	57
84.944167	85.021250	53
84.965000	85.037917	48
85.231667	85.392083	65
85.240000	85.340000	53
85.240000	85.348333	57
85.240000	85.373333	60
85.254583	85.327500	48
85.510833	85.692083	64
85.512917	85.640000	52
85.515000	85.654583	60
85.515000	85.654583	57
85.550417	85.629583	48
85.787917	85.992083	65
85.790000	85.917083	53
85.804583	85.933750	60
85.806667	85.862917	57
85.810833	85.887917	48
86.090000	86.244167	60
86.090000	86.267083	67
86.098333	86.248333	55
86.102500	86.244167	64
86.106667	86.256667	52
86.106667	86.267083	48
86.367083	86.494167	67
86.379583	86.485833	60
86.379583	86.498333	64
86.392083	86.504583	48
86.402500	86.481667	52
86.406667	86.485833	55
86.669167	86.783750	67
86.671250	86.748333	60
86.673333	86.765000	48
86.677500	86.769167	55
86.679583	86.752500	52
86.683750	86.740000	64
86.960833	87.083750	67
86.969167	87.033750	64
86.969167	87.042083	60
86.969167	87.052500	52
86.977500	87.040000	55
87.237917	87.344167	64
87.240000	87.325417	52
87.240000	87.362917	67
87.244167	87.323333	48
87.246250	87.319167	55
87.246250	87.321250	60
87.517083	87.648333	64
87.521250	87.631667	48
87.521250	87.631667	55
87.521250	87.679583	67
87.527500	87.642083	60
87.533750	87.608750	52
87.821250	87.967083	64
87.821250	87.987917	67
87.825417	87.935833	48
87.825417	87.948333	55
87.825417	87.969167	60
87.831667	87.940000	52
88.096250	88.256667	67
88.104583	88.235833	64
88.108750	88.196250	48
88.112917	88.187917	52
88.112917	88.215000	55
88.112917	88.235833	60
88.369167	88.533750	67
88.385833	88.483750	55
88.387917	88.471250	52
88.387917	88.490000	48
88.387917	88.498333	60
88.387917	88.500417	64
88.675417	88.831667	60
88.675417	88.846250	67
88.679583	88.837917	64
88.681667	88.819167	55
88.687917	88.785833	48
88.687917	88.796250	52
88.965000	89.046250	55
88.965000	89.050417	52
88.965000	89.052500	48
88.965000	89.140000	67
88.973333	89.127500	64
88.977500	89.117083	60
89.235833	89.335833	69
89.244167	89.315000	48
89.252500	89.306667	52
89.252500	89.315000	57
89.598333	89.779583	62
89.598333	89.794167	70
89.598333	89.794167	67
89.598333	89.800417	50
89.615000	89.775417	55
89.623333	89.721250	58
89.915000	90.054583	70
89.921250	89.983750	58
89.925417	90.029583	50
89.925417	90.071250	67
89.931667	90.060833	62
89.954583	90.025417	55
90.206667	90.277500	58
90.206667	90.292083	50
90.206667	90.365000	70
90.221250	90.279583	55
90.225417	90.321250	62
90.235833	90.308750	67
90.498333	90.669167	70
90.500417	90.594167	58
90.500417	90.619167	50
90.506667	90.631667	62
90.521250	90.581667	55
90.527500	90.602500	67
90.775417	90.821250	58
90.792083	90.950417	70
90.794167	90.912917	62
90.806667	90.879583	50
90.810833	90.860833	55
90.831667	90.904583	67
91.071250	91.202500	70
91.079583	91.133750	62
91.096250	91.181667	67
91.246250	91.365000	31
91.298333	91.385833	43
91.387917	91.537917	70
91.394167	91.517083	58
91.404583	91.533750	67
91.700417	91.842083	70
91.702500	91.794167	50
91.708750	91.827500	58
91.723333	91.800417	67
91.979583	92.085833	55
91.990000	92.121250	70
92.000417	92.092083	58
92.033750	92.104583	67
92.290000	92.475417	70
92.304583	92.498333	58
92.315000	92.467083	55
92.317083	92.458750	67
92.585833	92.737917	50
92.585833	92.817083	69
92.587917	92.710833	58
92.877500	93.062917	67
92.881667	92.933750	43
93.127500	93.408750	38
93.179583	93.387917	69
93.469167	93.608750	67
93.769167	93.908750	65
93.775417	93.860833	57
93.779583	93.890000	62
93.781667	93.852500	53
93.781667	93.865000	50
94.058750	94.371250	65
94.071250	94.256667	57
94.071250	94.275417	53
94.075417	94.250417	50
94.075417	94.298333	62
94.360833	94.567083	64
94.379583	94.496250	57
94.398333	94.500417	53
94.402500	94.477500	50
94.652500	94.873333	65
94.662917	94.777500	57
94.677500	94.750417	53
94.687917	94.758750	50
94.952500	95.302500	65
94.967083	95.354583	60
94.969167	95.150417	57
94.971250	95.158750	48
94.981667	95.148333	53
95.248333	95.465000	67
95.254583	95.329583	57
95.256667	95.331667	48
95.260833	95.340000	53
95.527500	95.685833	69
95.537917	95.665000	57
95.552500	95.654583	53
95.560833	95.635833	48
95.771250	95.962917	60
95.800417	95.977500	48
95.806667	95.929583	65
95.860833	95.952500	57
95.865000	95.940000	53
95.867083	96.042083	69
96.110833	96.342083	67
96.146250	96.235833	48
96.162917	96.233750	57
96.167083	96.229583	53
96.385833	96.527500	65
96.396250	96.462917	57
96.398333	96.465000	53
96.704583	96.869167	58
96.704583	96.927500	67
96.719167	96.869167	46
96.725417	96.871250	64
96.740000	96.881667	52
96.746250	96.883750	55
97.000417	97.158750	65
97.008750	97.090000	58
97.010833	97.094167	46
97.025417	97.112917	55
97.031667	97.108750	52
97.287917	97.348333	64
97.292083	97.360833	58
97.308750	97.387917	52
97.312917	97.379583	55
97.317083	97.390000	46
97.571250	97.752500	46
97.581667	97.827500	64
97.590000	97.760833	52
97.598333	97.817083	58
97.600417	97.767083	55
97.885833	98.100417	65
97.890000	97.990000	52
97.890000	98.002500	55
97.900417	97.971250	58
98.175417	98.315000	67
98.375417	98.658750	48
98.412917	98.631667	55
98.437917	98.610833	60
98.510833	98.735833	67
98.775417	98.871250	48
98.779583	99.004583	65
98.790000	98.858750	55
99.087917	99.335833	64
99.115000	99.194167	55
99.127500	99.217083	48
99.431667	99.596250	55
99.431667	99.790000	64
99.448333	99.727500	60
99.456667	99.575417	48
99.798333	99.856667	55
99.798333	100.140000	65
99.806667	99.908750	48
100.131667	100.433750	67
100.473333	100.656667	48
100.473333	100.694167	53
100.479583	100.683750	57
100.483750	100.675417	41
100.490000	100.685833	60
100.517083	100.758750	65
100.829583	100.967083	60
100.835833	100.960833	57
100.837917	100.948333	53
100.862917	100.942083	48
100.881667	100.969167	41
101.121250	101.294167	60
101.129583	101.206667	48
101.129583	101.256667	57
101.129583	101.292083	53
101.152500	101.244167	41
101.446250	101.621250	46
101.450417	101.660833	53
101.452500	101.633750	58
101.458750	101.652500	62
101.552500	101.615000	50
101.779583	101.879583	58
101.779583	101.900417	62
101.783750	101.883750	50
101.790000	101.869167	53
101.794167	101.873333	46
102.083750	102.135833	58
102.087917	102.308750	62
102.092083	102.194167	53
102.098333	102.165000	46
102.108750	102.169167	50
102.354583	102.590000	41
102.377500	102.602500	53
102.385833	102.579583	48
102.423333	102.604583	57
102.429583	102.604583	60
102.721250	102.815000	41
102.721250	102.825417	53
102.731667	102.817083	48
102.731667	102.900417	60
102.742083	102.896250	57
103.058750	103.108750	53
103.060833	103.344167	60
103.071250	103.127500	57
103.079583	103.137917	48
103.096250	103.175417	41
103.417083	103.627500	48
103.423333	103.592083	58
103.425417	103.656667	62
103.429583	103.633750	36
103.798333	103.933750	36
103.802500	103.929583	48
103.823333	104.140000	64
103.833750	104.096250	60
104.171250	104.219167	48
104.185833	104.262917	36
104.198333	104.369167	65
104.565000	104.675417	29
104.577500	104.702500	41
104.585833	104.821250	65
104.604583	104.848333	60
104.608750	104.756667	57
104.954583	105.054583	57
105.256667	105.312917	48
105.256667	105.412917	57
105.583750	105.658750	48
105.596250	105.744167	57
105.865000	106.004583	57
106.183750	106.262917	57
106.290000	106.437917	29
106.383750	106.435833	41
106.469167	106.644167	65
106.475417	106.615000	57
106.794167	106.875417	57
106.794167	106.877500	48
106.794167	106.906667	60
107.081667	107.173333	48
107.102500	107.258750	57
107.102500	107.273333	60
107.381667	108.358750	48
107.431667	107.500417	57
107.431667	107.512917	60
107.700417	107.837917	57
107.704583	107.858750	60
108.000417	108.150417	60
108.004583	108.092083	57
108.337917	109.006667	50
108.358750	108.475417	57
108.358750	108.521250	60
108.644167	108.785833	60
108.662917	108.740000	57
108.679583	108.752500	48
108.946250	109.096250	60
108.952500	109.052500	57
108.958750	109.092083	48
109.285833	109.898333	48
109.294167	109.473333	60
109.296250	109.437917	57
109.596250	109.723333	60
109.598333	109.694167	57
109.900417	110.015000	47
109.900417	110.048333	60
109.908750	110.025417	57
110.229583	111.931667	48
110.229583	114.435833	41
110.296250	110.394167	60
110.296250	110.402500	57
110.598333	110.698333	60
110.617083	110.690000	57
110.896250	111.040000	60
110.904583	111.027500	57
111.123333	111.646250	53
111.210833	111.340000	57
111.225417	111.402500	60
111.535833	111.671250	57
111.537917	111.698333	60
111.846250	112.004583	57
111.858750	111.965000	53
112.167083	112.356667	55
112.167083	112.831667	52
112.460833	112.587917	55
112.752500	112.867083	55
113.067083	113.642083	52
113.069167	113.158750	55
113.073333	114.467083	48
113.077500	113.227500	60
113.373333	113.481667	55
113.648333	113.773333	55
113.937917	114.496250	52
113.973333	114.119167	55
114.281667	114.344167	55
114.321250	114.390000	60
114.569167	114.671250	55
114.575417	114.708750	60
114.746250	115.279583	41
114.792083	115.252500	48
114.842083	115.046250	52
114.887917	115.010833	55
114.887917	115.148333	60
115.175417	115.283750	57
115.206667	115.269167	52
115.219167	115.335833	60
115.477500	115.529583	58
115.554583	115.602500	57
115.631667	117.379583	41
115.685833	117.202500	48
115.754583	116.725417	53
115.787917	115.994167	57
115.794167	116.006667	60
116.108750	116.173333	57
116.123333	116.187917	60
116.408750	116.527500	57
116.408750	116.560833	60
116.715000	116.881667	57
116.715000	116.910833	60
117.000417	117.106667	57
117.000417	117.137917	60
117.312917	117.433750	57
117.317083	117.473333	53
117.319167	117.450417	60
117.558750	118.308750	41
117.615000	118.337917	48
117.627500	117.835833	57
117.627500	117.860833	60
117.631667	118.273333	53
117.937917	118.067083	57
117.940000	118.090000	60
118.219167	118.373333	60
118.221250	118.346250	57
118.475417	119.215000	41
118.546250	118.935833	57
118.548333	119.060833	48
118.550417	119.083750	53
118.556667	118.981667	60
118.860833	119.115000	62
119.162917	119.346250	64
119.169167	119.225417	53
119.173333	119.298333	57
119.175417	119.290000	48
119.481667	120.187917	41
119.485833	119.777500	65
119.490000	119.748333	60
119.490000	119.750417	57
119.494167	120.256667	53
119.498333	120.281667	48
119.815000	119.906667	57
119.871250	119.925417	60
120.108750	120.221250	57
120.171250	120.250417	60
120.385833	120.887917	41
120.400417	120.729583	48
120.406667	120.669167	65
120.408750	120.623333	57
120.419167	120.629583	60
120.419167	120.698333	53
120.723333	120.877500	57
120.733750	120.912917	60
120.998333	121.073333	57
121.006667	121.110833	60
121.042083	121.215000	67
121.242083	122.087917	38
121.290000	121.781667	50
121.360833	121.600417	57
121.362917	121.604583	65
121.369167	121.602500	62
121.683750	121.817083	57
121.979583	122.150417	57
122.260833	122.569167	38
122.283750	122.450417	50
122.294167	122.498333	57
122.302500	122.506667	62
122.302500	122.552500	65
122.633750	122.798333	57
122.894167	123.023333	57
122.917083	123.085833	62
122.944167	123.117083	67
123.119167	124.596250	31
123.210833	123.465000	43
123.244167	123.452500	55
123.248333	123.475417	62
123.248333	123.506667	65
123.556667	123.677500	55
123.592083	123.673333	43
123.865000	123.983750	55
124.083750	124.433750	55
124.144167	124.456667	62
124.177500	124.554583	67
124.196250	124.637917	43
124.842083	125.158750	65
124.865000	125.042083	62
125.102500	125.319167	36
125.171250	125.373333	48
125.198333	125.462917	67
125.212917	125.431667	64
125.531667	125.612917	60
125.837917	125.969167	60
125.840000	126.012917	55
125.844167	125.990000	48
126.075417	126.267083	60
126.129583	126.265000	64
126.148333	126.454583	69
126.167083	126.371250	48
126.194167	126.267083	55
126.450417	126.519167	55
126.735833	126.794167	60
127.067083	127.327500	53
127.067083	127.331667	69
127.067083	127.448333	41
127.087917	127.235833	60
127.087917	127.306667	65
127.096250	127.292083	48
127.385833	127.479583	60
127.394167	127.483750	53
127.690000	127.779583	53
127.690000	127.800417	60
127.979583	128.067083	69
127.987917	128.042083	60
127.996250	128.106667	53
128.275417	128.331667	53
128.283750	128.400417	60
128.571250	128.696250	60
128.604583	128.785833	69
128.731667	129.662917	45
128.785833	129.248333	52
128.871250	129.210833	69
128.879583	129.062917	61
128.896250	129.127500	65
129.171250	129.377500	61
129.479583	129.606667	65
129.637917	129.827500	61
129.700417	129.844167	65
129.806667	130.060833	45
129.852500	129.883750	73
129.856667	129.946250	57
130.137917	130.267083	57
130.456667	130.506667	57
130.469167	130.515000	52
130.477500	130.554583	61
130.477500	130.602500	73
130.785833	131.012917	62
130.806667	131.027500	74
130.812917	131.029583	50
130.817083	131.006667	57
130.823333	131.000417	65
131.119167	131.265000	57
131.131667	131.267083	62
131.131667	131.277500	65
131.196250	131.260833	50
131.421250	131.573333	57
131.431667	131.542083	62
131.431667	131.642083	65
131.692083	131.925417	48
131.708750	131.846250	57
131.717083	131.933750	65
131.723333	131.915000	60
131.725417	131.965000	74
131.744167	131.787917	72
132.037917	132.125417	57
132.071250	132.246250	65
132.085833	132.154583	60
132.350417	132.494167	65
132.387917	132.456667	60
132.573333	136.344167	34
132.685833	136.323333	46
132.783750	132.971250	62
132.881667	133.110833	65
133.150417	133.192083	77
134.262917	134.492083	76
134.506667	134.681667	74
134.694167	134.862917	72
134.858750	134.917083	70
135.035833	135.229583	69
135.200417	135.379583	67
135.377500	135.535833	65
135.554583	135.892083	64
135.792083	135.994167	62
136.025417	136.181667	60
136.273333	136.685833	58
136.635833	137.294167	57
137.256667	137.412917	58
137.542083	137.815000	58
137.556667	137.762917	43
137.556667	137.800417	50
137.556667	137.804583	55
137.906667	138.035833	58
137.927500	138.017083	55
137.948333	138.021250	43
137.950417	138.035833	50
138.217083	138.287917	50
138.217083	138.348333	58
138.231667	138.292083	55
138.240000	138.308750	43
138.510833	138.615000	58
138.515000	138.596250	55
138.535833	138.604583	50
138.542083	138.615000	43
138.808750	138.887917	58
138.808750	138.917083	50
138.819167	138.881667	55
138.837917	138.904583	43
139.073333	139.133750	50
139.094167	139.152500	43
139.110833	139.246250	53
139.117083	139.383750	57
139.408750	139.583750	36
139.417083	139.617083	48
139.431667	139.583750	52
139.431667	139.604583	43
139.433750	139.575417	55
139.740000	139.858750	55
139.746250	139.862917	52
139.752500	139.837917	48
139.758750	139.842083	43
139.777500	139.865000	36
140.040000	140.152500	48
140.046250	140.179583	52
140.050417	140.162917	43
140.054583	140.181667	55
140.079583	140.160833	36
140.360833	140.494167	48
140.362917	140.523333	36
140.362917	140.602500	55
140.373333	140.446250	52
140.381667	140.506667	43
140.650417	140.869167	53
140.665000	140.779583	48
140.669167	140.783750	36
140.679583	140.760833	43
140.979583	141.352500	52
140.983750	141.044167	43
140.985833	141.040000	48
140.987917	141.067083	36
141.327500	141.590000	29
141.327500	141.598333	53
141.335833	141.560833	41
141.671250	141.823333	53
141.683750	141.806667	41
141.694167	141.812917	29
141.979583	142.058750	41
141.981667	142.073333	29
141.983750	142.121250	53
142.267083	142.442083	46
142.269167	142.475417	29
142.275417	142.433750	41
142.585833	142.702500	46
142.631667	142.723333	41
142.885833	143.067083	29
142.906667	143.090000	41
143.187917	143.362917	29
143.204583	143.337917	45
143.204583	143.412917	53
143.208750	143.329583	41
143.510833	143.629583	41
143.512917	143.594167	45
143.523333	143.633750	29
143.802500	143.969167	45
143.817083	143.902500	41
143.823333	143.927500	29
144.037917	144.242083	29
144.075417	144.200417	41
144.102500	144.200417	46
144.102500	144.217083	53
144.437917	144.610833	41
144.483750	144.542083	46
144.865000	144.927500	41
144.869167	144.950417	29
144.910833	145.019167	46
145.508750	147.277500	29
145.800417	147.317083	41
145.940000	145.998333	45
146.033750	146.098333	53
146.183750	146.269167	57
146.187917	146.231667	55
146.358750	146.421250	65
146.371250	146.437917	64
146.523333	146.635833	69
146.725417	146.815000	77
146.950417	147.287917	81
147.265000	147.348333	89
