5.991923	6.614840	62
6.002340	6.431506	74
6.002340	6.587756	55
6.014840	6.523173	59
6.462756	6.683590	67
6.673173	6.877340	69
6.875256	7.116923	71
6.891923	7.306506	57
7.091923	7.335673	72
7.314840	8.150256	59
7.321090	7.769006	74
7.750256	7.866923	67
8.181506	8.258590	67
8.646090	9.098173	76
8.664840	9.381506	60
9.106506	9.310673	72
9.306506	9.466923	74
9.502340	9.712756	76
9.702340	9.929423	78
9.935673	10.196090	79
9.935673	10.556506	59
10.398173	10.531506	67
10.810673	11.098173	67
11.285673	11.900256	57
11.296090	11.696090	72
11.731506	11.921090	74
11.927340	12.110673	72
12.123173	12.321090	71
12.323173	12.546090	69
12.566923	13.312756	55
12.569006	13.006506	71
13.008590	13.239840	72
13.198173	13.391923	71
13.394006	13.604423	69
13.631506	13.716923	67
13.885673	14.279423	66
13.898173	14.339840	62
14.298173	14.471090	67
14.302340	14.514840	59
14.510673	14.769006	69
14.756506	14.977340	71
14.766923	15.069006	55
14.969006	15.123173	67
15.164840	15.281506	71
15.219006	15.641923	62
15.231506	15.971090	69
15.652340	15.871090	50
15.896090	16.121090	60
16.121090	16.331506	59
16.327340	16.560673	57
16.587756	17.091923	59
16.598173	17.044006	74
17.021090	17.235673	67
17.223173	17.402340	69
17.431506	17.683590	71
17.441923	17.875256	57
17.654423	17.898173	72
17.873173	18.316923	74
17.879423	18.348173	55
18.304423	18.385673	67
18.308590	18.435673	59
18.741923	18.819006	67
18.744006	18.812756	55
19.187756	19.602340	76
19.194006	19.773173	60
19.616923	19.814840	72
19.846090	20.012756	74
20.046090	20.250256	76
20.246090	20.460673	78
20.485673	20.733590	79
20.504423	20.839840	59
20.904423	21.133590	67
20.910673	21.135673	60
21.129423	21.339840	59
21.327340	21.504423	57
21.360673	21.581506	67
21.596090	21.798173	55
21.821090	22.135673	57
21.835673	22.223173	72
22.254423	22.464840	74
22.471090	22.710673	72
22.683590	23.110673	54
22.687756	22.900256	71
22.885673	23.123173	69
23.121090	23.691923	55
23.127340	23.537756	71
23.560673	23.779423	72
23.766923	24.012756	71
23.994006	24.227340	69
24.025256	24.389840	59
24.214840	24.479423	67
24.464840	24.935673	69
24.485673	24.850256	60
24.919006	25.410673	62
24.931506	25.169006	71
25.169006	25.412756	69
25.414840	25.616923	50
25.439840	25.579423	67
25.685673	25.950256	66
25.956506	26.562756	67
25.979423	26.583590	55
26.931506	26.977340	43
27.435673	27.912756	74
27.439840	27.991923	59
27.439840	27.998173	62
27.450256	28.023173	55
27.900256	28.089840	67
28.096090	28.266923	69
28.316923	28.548173	71
28.354423	28.775256	57
28.527340	28.781506	72
28.769006	29.106506	74
28.785673	29.416923	59
29.241923	29.335673	67
29.691923	29.850256	67
30.173173	30.837756	60
30.181506	30.646090	76
30.654423	30.769006	72
30.860673	31.041923	74
31.073173	31.285673	76
31.285673	31.564840	78
31.546090	32.110673	59
31.552340	31.800256	79
32.016923	32.179423	67
32.469006	32.698173	67
32.944006	33.402340	72
32.944006	33.825256	57
33.408590	33.594006	74
33.614840	33.816923	72
33.852340	34.004423	71
34.050256	34.258590	69
34.296090	34.739840	71
34.306506	35.006506	55
34.758590	34.971090	72
34.962756	35.141923	71
35.175256	35.371090	69
35.402340	35.525256	67
35.635673	36.071090	62
35.648173	35.962756	66
36.077340	36.316923	59
36.081506	36.260673	67
36.283590	36.508590	69
36.519006	36.733590	71
36.523173	36.789840	55
36.741923	36.894006	67
36.912756	37.035673	71
36.977340	37.462756	62
36.977340	37.860673	69
37.414840	37.656506	50
37.658590	37.898173	60
37.889840	38.139840	59
38.112756	38.389840	57
38.373173	39.346090	59
38.387756	38.848173	74
38.823173	39.058590	67
39.035673	39.248173	69
39.264840	39.496090	71
39.273173	39.710673	57
39.473173	39.721090	72
39.712756	40.141923	74
39.723173	40.158590	55
40.164840	40.239840	59
40.173173	40.225256	67
40.612756	40.716923	67
40.619006	40.679423	55
41.081506	41.821090	60
41.089840	41.535673	76
41.556506	41.741923	72
41.771090	41.964840	74
41.989840	42.198173	76
42.202340	42.444006	78
42.473173	42.773173	79
42.473173	42.846090	59
42.910673	43.164840	60
42.914840	43.181506	67
43.137756	43.358590	59
43.381506	43.608590	57
43.389840	43.816923	67
43.610673	43.837756	55
43.856506	44.285673	57
43.885673	44.319006	72
44.310673	44.529423	74
44.529423	44.789840	72
44.766923	45.235673	54
44.771090	45.006506	71
44.981506	45.229423	69
45.235673	45.662756	71
45.237756	46.123173	55
45.687756	45.939840	72
45.894006	46.156506	71
46.123173	46.398173	69
46.150256	46.544006	59
46.369006	46.639840	67
46.623173	47.164840	69
46.627340	47.083590	60
47.139840	47.687756	62
47.154423	47.425256	71
47.431506	47.669006	69
47.677340	47.910673	50
47.698173	47.854423	67
47.996090	48.327340	66
48.312756	49.019006	67
48.362756	49.000256	55
49.385673	49.466923	43
49.975256	50.489840	83
49.981506	51.058590	55
50.487756	50.664840	79
50.691923	50.921090	81
50.935673	51.150256	83
51.187756	51.287756	79
51.435673	52.419006	54
51.441923	51.712756	81
51.927340	52.150256	74
52.166923	52.339840	76
52.369006	52.602340	78
52.608590	52.848173	74
52.864840	53.298173	52
52.871090	53.387756	79
53.344006	53.541923	55
53.352340	53.589840	76
53.544006	53.812756	78
53.791923	54.016923	79
53.802340	54.104423	52
54.037756	54.225256	74
54.281506	54.731506	73
54.302340	55.048173	57
54.752340	54.946090	71
54.958590	55.208590	73
55.194006	55.366923	45
55.214840	55.327340	69
55.656506	55.896090	69
55.666923	56.402340	57
55.902340	56.156506	71
56.125256	56.273173	73
56.354423	56.581506	74
56.581506	56.791923	76
56.789840	57.023173	78
57.062756	57.444006	59
57.069006	57.527340	79
57.487756	57.854423	62
57.491923	57.985673	78
57.962756	58.450256	76
57.964840	58.316923	61
58.439840	58.537756	78
58.464840	58.835673	62
58.937756	59.506506	69
58.950256	59.416923	54
59.452340	59.989840	73
59.456506	59.773173	57
60.006506	60.348173	62
60.006506	61.019006	74
60.510673	61.004423	50
61.014840	61.246090	60
61.521090	62.025256	74
61.523173	62.010673	59
62.016923	62.366923	62
62.044006	62.266923	67
62.300256	62.489840	66
62.529423	62.708590	59
62.556506	62.791923	67
63.064840	63.558590	60
63.085673	63.533590	76
63.554423	63.785673	67
63.569006	63.716923	64
63.798173	63.956506	66
64.048173	64.389840	67
64.058590	64.127340	60
64.546090	64.989840	74
64.548173	65.039840	59
64.998173	65.521090	72
65.010673	65.429423	57
65.477340	65.981506	71
65.496090	65.952340	55
65.973173	66.619006	62
65.979423	66.189840	69
66.231506	66.404423	67
66.477340	66.735673	66
66.725256	67.000256	67
67.006506	67.494006	69
67.510673	67.779423	62
67.514840	68.719006	50
67.769006	68.014840	64
67.987756	68.162756	66
68.214840	68.469006	67
68.441923	68.687756	69
68.677340	68.929423	71
68.937756	69.171090	72
69.371090	69.441923	52
69.375256	69.479423	71
69.856506	70.304423	69
69.860673	70.423173	55
70.354423	70.569006	71
70.591923	70.806506	74
70.866923	71.008590	67
71.446090	71.654423	50
71.460673	72.025256	66
72.008590	72.529423	55
72.027340	72.829423	67
72.591923	72.777340	50
73.221090	73.327340	43
73.887756	74.950256	55
73.891923	74.383590	83
74.416923	74.635673	79
74.650256	74.898173	81
74.887756	75.108590	83
75.135673	75.314840	79
75.400256	76.498173	54
75.404423	75.733590	81
75.862756	76.085673	74
76.104423	76.352340	76
76.335673	76.573173	78
76.573173	76.829423	74
76.823173	77.250256	52
76.825256	77.321090	79
77.300256	77.537756	55
77.300256	77.566923	76
77.506506	77.766923	78
77.766923	77.987756	79
77.794006	78.216923	52
78.027340	78.206506	74
78.312756	78.814840	73
78.319006	79.025256	57
78.821090	79.052340	71
79.046090	79.310673	73
79.310673	79.527340	69
79.310673	79.581506	45
79.794006	80.010673	69
79.802340	80.766923	57
80.025256	80.279423	71
80.273173	80.425256	73
80.500256	80.760673	74
80.739840	80.958590	76
80.966923	81.208590	78
81.241923	81.677340	79
81.252340	81.610673	59
81.696090	82.204423	78
81.706506	82.204423	62
82.194006	82.621090	76
82.196090	82.554423	61
82.658590	82.916923	78
82.685673	82.946090	62
83.169006	83.602340	54
83.175256	83.700256	69
83.639840	84.156506	73
83.646090	84.154423	57
84.150256	84.616923	62
84.166923	85.175256	74
84.635673	85.135673	50
85.137756	85.312756	60
85.637756	86.194006	59
85.644006	86.419006	74
86.154423	86.425256	67
86.154423	86.616923	62
86.383590	86.575256	66
86.658590	86.789840	67
86.662756	86.750256	59
87.166923	87.648173	76
87.166923	87.662756	60
87.648173	88.010673	64
87.658590	87.931506	67
87.889840	88.071090	66
88.152340	88.275256	60
88.156506	88.287756	67
88.623173	89.071090	74
88.629423	89.352340	62
89.121090	89.585673	72
89.621090	89.775256	59
89.633590	90.116923	71
90.148173	91.225256	62
90.162756	90.371090	69
90.406506	90.616923	67
90.635673	90.881506	66
90.898173	91.139840	67
91.164840	91.337756	69
91.669006	91.931506	62
91.683590	92.556506	50
91.919006	92.177340	64
92.158590	92.296090	66
92.389840	92.662756	67
92.648173	92.887756	69
92.648173	92.985673	54
92.887756	93.148173	71
93.158590	93.279423	72
93.179423	93.333590	52
93.641923	93.754423	71
93.666923	93.764840	55
94.127340	94.216923	69
94.131506	94.187756	54
94.635673	94.719006	71
94.652340	94.802340	55
95.310673	95.500256	62
95.919006	95.994006	66
95.950256	96.037756	47
96.656506	97.352340	55
96.685673	98.862756	67
96.691923	98.852340	59
96.696090	98.831506	62
97.344006	97.566923	50
98.208590	98.383590	43
