1.755000	2.765417	67
2.705000	3.140417	71
3.073750	3.538333	72
3.532083	4.396667	74
4.400833	5.621667	67
5.194583	5.630000	72
5.548750	5.948750	74
5.550833	6.836250	60
5.565417	6.832083	55
5.565417	6.867500	64
5.942500	6.734167	76
6.755000	7.684167	67
7.609167	8.367500	65
7.625833	8.355000	59
7.630000	8.017500	74
7.977917	8.427917	76
8.344583	8.575833	77
8.907083	9.102917	72
8.973750	10.648750	60
8.990417	9.775833	76
9.092500	9.894583	79
9.852917	10.609167	67
9.884167	10.690417	64
10.534167	10.730000	79
10.846667	10.892500	79
11.013333	11.709167	59
11.082083	11.815417	62
11.150833	11.727917	67
11.192500	11.865417	79
11.848750	12.169583	77
12.142500	12.492500	76
12.477917	12.852917	74
12.900833	14.344583	57
12.988333	14.350833	60
13.040417	14.344583	65
13.123750	13.790417	79
13.750833	14.044583	76
14.019583	14.338333	74
14.330000	14.796667	72
14.680000	16.127917	55
14.786250	16.155000	59
14.902917	16.048751	65
14.909167	15.573750	76
15.509167	15.817500	74
15.798751	16.123750	72
16.002917	16.082084	58
16.111251	16.715417	71
16.650832	17.611251	60
16.657082	17.525832	64
16.730000	17.261250	74
17.290418	17.584166	72
17.571668	17.938332	67
17.940417	18.909167	64
18.750832	20.165418	55
18.882083	20.119582	48
19.544583	19.815417	60
19.782082	20.044583	62
20.046668	20.582084	64
20.052916	20.559167	60
20.554999	21.402917	55
20.554999	21.415418	48
21.084166	21.363334	62
21.330001	21.588332	64
21.605000	22.223750	65
21.630000	22.255000	62
22.125832	23.263333	43
22.138333	23.319583	55
22.138333	23.348750	50
22.702918	23.025832	62
22.980000	23.309167	64
23.234168	23.746667	65
23.596667	25.159167	43
23.655000	25.134168	50
23.725833	25.115416	53
23.784167	24.527917	67
23.790418	24.827918	62
23.796668	24.359168	57
24.942500	25.117499	67
24.982083	25.063332	59
25.386250	25.527917	67
25.402917	25.490416	60
25.775832	25.986251	36
25.790418	26.050834	48
25.809167	26.340417	67
25.838332	26.259168	62
26.369582	26.940417	48
26.384168	26.667500	65
26.630000	26.898749	64
26.880000	26.988334	62
26.886250	26.955001	55
27.390418	28.334166	43
27.421668	27.969582	67
27.432082	27.880000	59
27.919583	28.161250	64
27.929999	28.290418	55
27.932082	28.411250	50
28.146666	28.423751	62
28.394584	28.507083	60
28.796668	30.015418	41
28.811250	29.359168	57
28.827918	29.686250	48
28.869582	29.782082	53
28.890418	29.407082	60
28.959166	29.565417	67
29.498750	29.784167	65
29.723750	29.988334	64
29.992499	30.565417	62
30.492499	30.692500	36
30.507083	30.769584	48
30.542500	31.304999	60
31.042500	31.717500	48
31.311250	31.757083	55
31.554999	31.752917	60
31.796668	31.913333	67
32.067500	32.359168	48
32.077918	32.567500	67
32.584166	32.905002	55
32.590419	32.825831	71
32.600833	32.902919	62
32.619582	32.921668	59
32.817500	33.040416	72
33.069583	33.586249	74
33.086249	33.604998	71
33.330001	33.371669	62
33.344584	33.388331	59
33.346667	33.400832	55
33.588332	33.707084	48
33.604998	34.094584	67
34.102916	34.336249	72
34.336249	34.588332	74
34.346667	34.407084	55
34.350833	34.407084	64
34.354998	34.409167	60
34.590419	35.107081	76
34.638331	34.715419	72
34.815417	34.861251	64
34.834166	34.880000	60
34.834166	34.886248	55
35.088332	35.244582	43
35.119582	35.546668	67
35.619582	35.892501	77
35.632083	35.911250	71
35.863334	36.196666	74
36.125834	36.344584	55
36.130000	36.298751	65
36.148749	36.336249	59
36.159167	36.429999	71
36.634166	36.840419	48
36.679999	37.715419	76
36.682082	37.721667	72
37.188334	37.346667	64
37.196666	37.367499	55
37.219584	37.369582	60
37.686252	37.804999	55
37.711249	37.773749	64
37.715419	37.815417	60
38.255000	39.236251	53
38.284167	38.873752	79
38.288333	38.761248	69
38.794581	39.250834	65
38.798751	39.255000	57
38.798751	39.313334	60
38.815417	39.080001	77
38.817500	38.880000	72
39.027919	39.296668	76
39.273749	39.365416	74
39.707084	40.673751	53
39.767501	40.300834	79
39.773749	40.417498	65
39.784167	40.077918	68
40.284167	40.511248	76
40.505000	40.794581	74
40.813334	41.171668	72
40.869582	40.925834	56
40.892501	40.965419	60
41.282084	42.327918	55
41.334166	41.746669	71
41.334166	41.782084	79
41.813334	42.013331	74
41.813334	42.046668	77
41.852916	42.392501	62
41.857081	42.359168	67
41.871669	42.350833	59
42.059169	42.348750	76
42.065417	42.188334	72
42.325831	42.434169	74
42.327918	42.371669	71
42.815417	43.119582	64
42.821666	44.011248	60
42.825831	43.179999	67
42.848750	43.598750	72
43.365416	43.979998	64
43.594584	44.057082	67
43.869582	44.013331	72
44.392501	44.646666	60
44.400832	45.034167	72
44.990416	45.284167	76
45.236251	45.515418	77
45.313334	45.619582	67
45.336249	45.638331	64
45.519584	46.030002	79
46.038333	47.121669	60
46.054999	46.784167	72
46.580001	47.165416	70
46.613334	46.940417	76
46.613334	47.177916	64
46.854998	47.169581	78
47.119582	47.592502	80
47.594584	48.492499	60
47.623752	48.213332	72
48.102916	48.502917	67
48.138331	48.442500	76
48.138331	48.634166	64
48.369582	48.694583	77
48.636248	48.788333	79
49.100833	50.104998	59
49.132083	49.321666	62
49.148749	49.594584	67
49.179999	49.815417	79
49.179999	49.884166	71
49.636248	50.167498	62
49.869582	50.167498	67
50.136248	50.275832	79
50.479998	51.584166	58
50.594584	50.811252	70
50.600833	51.719584	62
50.663333	50.865416	74
50.679999	51.659167	67
50.734168	51.150832	79
51.252917	51.552916	77
51.509166	51.836249	76
51.807082	52.346667	74
52.132083	53.171668	57
52.202918	53.246669	60
52.332084	52.940417	77
52.332084	53.200831	65
52.342502	52.902919	72
52.846667	53.109168	76
53.082084	53.371669	74
53.346667	53.623752	72
53.648749	54.794581	56
53.729998	54.788333	60
53.852916	54.850833	65
53.921668	54.484168	76
54.461249	54.719584	74
54.727916	55.036250	72
55.005000	55.563334	71
55.311252	56.559169	55
55.377917	56.423751	59
55.488334	56.280002	62
55.552916	56.115416	74
56.077918	56.384166	72
56.348750	56.634166	67
56.652919	56.917498	64
56.898749	57.196666	62
57.179999	57.465419	60
57.457084	57.752917	59
57.727916	58.323748	57
58.313334	58.909167	59
58.894584	60.125834	48
58.902919	60.134166	36
58.917498	59.819583	60
58.932082	59.992499	53
59.771666	60.061252	62
60.036250	60.144584	60
60.363334	61.615416	36
60.442500	61.561252	43
60.517501	61.548751	48
60.584166	61.519584	52
60.592502	61.402919	60
61.334166	61.646666	64
61.625834	61.767501	60
62.048751	63.296668	29
62.096667	63.330001	41
62.100833	63.021666	53
62.138331	62.890418	57
62.163333	63.005000	60
62.940417	63.294581	62
63.240416	63.550834	60
63.782084	64.490420	31
63.784167	64.563334	43
63.811252	64.936252	60
64.927920	65.311252	59
65.559169	66.169581	55
65.586253	65.709170	48
65.829997	66.736247	36
65.834170	66.729998	48
66.092502	66.380000	60
66.350833	66.621669	62
66.619586	66.719584	64
67.130000	68.261248	47
67.136248	67.761248	55
67.161250	68.292498	35
67.667498	67.954997	65
67.682086	67.990420	59
67.938334	68.240420	62
68.221667	68.305003	59
68.713336	69.900836	31
68.727916	69.930003	43
68.734164	69.627917	55
69.294581	69.602916	65
69.302920	69.615420	59
69.557086	69.861247	62
69.854998	70.119586	59
70.109164	70.417498	63
70.394580	71.398753	36
70.415416	70.984164	60
70.417498	71.011248	64
70.423747	71.402919	48
71.000834	71.604998	55
71.567500	71.702914	67
71.575831	71.694583	60
71.982081	73.309169	41
72.059169	73.334170	48
72.098750	73.277919	53
72.150836	72.452914	67
72.180003	72.661250	60
72.700831	73.025836	69
72.961253	73.307086	67
73.257083	73.540416	65
73.792498	74.986247	43
73.809169	74.638331	55
73.819583	74.427920	65
74.373752	74.625834	64
74.613330	74.975833	62
74.805003	75.096667	52
74.934169	75.511248	60
75.452914	76.430003	43
75.475833	76.111247	55
75.486247	76.036250	62
76.013331	76.598750	50
76.025836	76.294581	60
76.286250	76.582080	59
76.548747	76.817500	57
76.807086	77.098750	59
77.107081	77.467502	60
77.117503	78.046664	48
77.117503	78.082080	52
77.652919	77.888331	64
77.919581	78.184169	67
78.225833	78.440417	72
78.759166	79.290416	55
78.790416	79.215419	67
79.259166	79.346667	65
79.271670	79.350833	62
79.292498	79.490420	71
79.507083	79.765414	72
79.765414	79.859164	74
80.194583	81.138331	55
80.263331	80.880000	67
80.746669	81.136248	64
80.755000	81.021670	72
80.755000	81.342502	60
80.988330	81.344584	76
81.271670	81.796664	79
81.802920	82.875834	55
81.827914	82.600833	67
82.340419	82.932086	62
82.344584	82.792498	65
82.361247	82.627917	71
82.613330	82.704997	74
82.748752	82.865420	67
82.815417	82.911250	71
82.861247	82.925830	74
82.921664	83.323748	81
83.334170	83.386248	79
83.469584	84.177920	79
83.471667	84.177920	76
83.471667	84.634166	64
83.479998	84.638331	60
84.469584	84.563334	79
84.736247	84.817500	79
84.982081	86.034167	59
85.021670	85.561252	79
85.027919	85.490420	71
85.525836	85.775836	77
85.530002	85.717502	74
85.540416	86.011248	67
85.540416	86.088336	62
85.765414	85.857081	72
85.769580	86.044581	76
86.036250	86.096667	71
86.040416	86.577914	74
86.561252	87.132083	79
86.567500	86.817500	72
86.567500	87.598750	60
87.096667	87.338336	72
87.100833	87.473750	67
87.100833	87.559169	64
87.107081	87.163333	76
87.350833	87.650836	74
87.365420	87.615420	71
87.640414	88.171664	67
87.644580	88.223750	72
88.159167	89.207080	55
88.192500	88.709170	76
88.215419	88.734164	71
88.727916	89.011248	74
88.729998	89.000834	65
88.729998	89.036250	59
88.977916	89.246669	76
88.996669	89.194583	62
89.009166	89.267497	71
89.244586	89.796664	74
89.248752	89.294581	59
89.255000	89.367503	65
89.752917	90.402919	48
89.775836	90.771670	72
89.792498	90.265414	64
90.277919	90.459170	55
90.544581	90.602916	60
90.838336	91.065417	64
91.077914	91.140414	67
91.352916	91.900836	77
91.386248	92.227916	65
91.884166	92.157084	81
91.884166	92.436252	69
91.888331	92.323748	72
92.134166	92.405002	83
92.390414	92.517497	84
92.842502	93.602916	65
92.900836	93.505000	77
93.357081	93.744586	72
93.369586	93.850833	68
93.394580	93.692500	80
93.617503	93.921664	82
93.894580	94.405002	84
94.361247	94.934169	65
94.415416	94.944583	77
94.900836	95.384166	67
94.900836	95.417498	70
94.923747	95.242503	79
95.159167	95.427920	80
95.402919	95.934169	82
95.900836	96.377917	68
95.915416	97.032084	65
95.927920	96.682086	80
95.934169	96.369586	72
95.934169	96.763331	84
96.663333	97.096667	68
96.894580	97.021670	72
97.119586	97.265414	77
97.380000	98.436252	61
97.384166	97.859164	84
97.394580	97.836253	80
97.874011	98.484164	68
97.882083	98.038333	79
97.882083	98.127917	82
98.102916	98.417498	80
98.115420	98.290416	77
98.382083	98.667498	79
98.386248	98.527919	72
98.892497	99.598750	60
99.415416	99.936252	68
99.425830	99.594584	80
99.432086	99.623752	84
99.434169	99.857081	65
99.446666	99.813334	72
99.663333	99.942500	82
99.669581	99.919581	79
99.940417	100.436252	80
99.944583	100.354998	77
100.438334	100.998752	60
100.448748	100.950831	82
100.473750	100.850833	79
100.952914	101.277919	80
100.971667	101.275836	64
100.973750	101.055003	77
101.002917	101.282084	72
101.221667	101.536250	79
101.250834	101.557086	67
101.507083	101.573748	72
101.523753	101.871669	77
101.838336	102.309169	76
102.196666	103.538333	53
102.292498	102.777919	77
102.798747	103.361247	60
103.048747	103.419581	65
103.340419	103.557086	68
103.586253	103.632083	72
103.867503	104.698748	53
103.880000	104.492503	65
104.361247	104.948748	56
104.390414	104.688334	68
104.394580	104.823748	60
104.630000	104.940417	70
104.913333	105.313334	72
105.402919	106.377917	53
105.440417	105.990420	65
105.919581	106.450831	56
105.934169	106.402919	61
105.954997	106.215419	68
106.180003	106.459170	72
106.440417	106.940417	73
106.971667	107.571666	65
106.971667	107.655002	53
107.496669	107.967502	60
107.505000	107.796664	68
107.505000	107.948748	56
107.746669	107.990420	70
108.032084	108.515414	72
108.523753	109.155002	53
108.540416	109.148753	65
109.065417	109.652919	58
109.067500	109.661250	56
109.090419	109.375834	68
109.329997	109.600833	70
109.607081	109.700831	59
109.607081	109.736247	71
110.127917	111.144580	53
110.130000	110.750834	65
110.671664	111.232081	56
110.688334	111.032084	60
110.702914	110.961253	68
110.921664	111.196666	70
111.198748	111.673747	72
111.702914	112.502917	53
111.729998	112.323748	65
112.234164	112.484164	56
112.234164	112.500834	68
112.469584	112.813334	59
112.479998	112.790416	71
112.746669	112.861247	62
112.765414	112.857081	74
113.315417	113.961253	64
113.319583	113.854998	52
113.844584	114.050830	56
113.867503	114.092502	68
114.119586	114.407084	71
114.148753	114.396670	59
114.409167	114.463336	60
114.419581	115.038333	72
114.982081	116.123752	45
115.021670	115.457080	69
115.557086	115.942500	52
115.815417	116.027919	57
116.102916	116.344584	60
116.334170	116.727916	64
116.617503	117.982081	45
116.673747	117.427920	69
117.173747	118.002917	52
117.432086	117.977916	57
117.692500	117.986247	60
117.936252	118.265414	64
118.240420	119.484164	45
118.271670	119.000834	65
118.290416	118.902919	60
118.773753	119.511248	52
119.032084	119.444583	57
119.292498	119.548747	60
119.542498	119.934169	63
119.807086	120.630000	45
119.917498	120.467502	64
120.421664	120.663333	52
120.692500	120.788333	56
120.948748	121.292498	59
121.244586	121.750834	60
121.615420	122.261248	57
121.615420	122.861247	45
121.690417	122.363330	62
122.280002	122.517497	52
122.290416	122.565417	60
122.550830	122.875834	59
122.827914	123.484164	57
123.373752	124.255000	45
123.425830	124.032084	62
123.971667	124.327914	60
123.979998	124.238330	52
124.246669	124.588336	59
124.521670	124.817500	57
124.894580	126.573748	41
124.969584	126.561252	48
125.009166	125.196666	57
125.132083	126.421664	53
125.136248	125.873752	60
125.813334	126.290416	59
126.232081	126.682086	57
126.644580	127.479998	56
127.321666	128.602916	40
127.334170	128.630000	47
127.354998	128.659160	52
127.432086	128.096660	59
128.067500	128.388331	60
128.342494	128.625834	59
128.615413	128.940410	57
128.904994	129.177913	56
129.213328	130.596660	45
129.236247	129.827922	57
129.827922	130.044581	60
130.119578	130.438334	64
130.450831	130.707087	69
131.044581	133.463328	45
131.086253	133.398753	57
131.092494	133.407084	52
131.115413	131.673747	69
131.659160	131.936244	72
131.932078	132.157084	76
132.219584	132.267497	81
132.817500	132.998744	81
132.896663	133.013331	84
132.957087	133.057078	88
133.015422	133.059169	93
