2.640913	2.765913	70
3.338850	3.384687	70
3.459638	3.513837	70
3.574262	3.632612	70
4.197187	4.247175	70
4.330488	4.392988	70
4.478437	4.536726	70
4.761762	4.809675	70
4.892988	4.976606	70
5.086774	5.159650	70
5.378400	5.426313	70
5.509687	5.605512	70
5.670087	5.757612	70
5.990888	6.049238	70
6.138837	6.230512	70
6.347150	6.468000	70
6.351362	6.392988	46
6.722150	6.843000	68
6.730512	6.784650	58
6.745100	6.901350	74
6.755476	6.824262	65
6.836774	7.013837	75
6.980512	7.090925	77
6.995100	7.034650	68
6.995100	7.057600	74
7.020063	7.067976	65
7.024274	7.076337	58
7.299238	7.345075	51
7.299238	7.401350	70
7.603437	7.763837	75
7.607587	7.672163	67
7.609663	7.678388	58
7.630476	7.701337	63
7.713850	7.872175	77
7.843000	7.934675	79
7.847150	7.930524	75
7.870100	7.911726	67
7.880476	7.932600	58
7.882612	7.932600	63
8.182600	8.276350	50
8.190900	8.307600	70
8.572187	8.645063	68
8.572187	8.749250	77
8.586774	8.642988	58
8.599226	8.682600	65
8.686750	8.830488	79
8.830488	8.949262	80
8.840925	8.878400	68
8.840925	8.942976	77
8.855512	8.903425	65
8.863813	8.913862	58
9.147138	9.197187	51
9.151350	9.428388	73
9.161726	9.399274	79
9.161726	9.461774	82
9.465925	9.540937	58
9.484663	9.534650	67
9.490888	9.543012	61
9.747175	9.822187	52
9.782575	9.832563	82
9.786726	9.832563	73
9.801313	9.853437	79
9.895063	9.970075	73
9.897138	10.007612	82
9.922163	9.963850	79
10.032575	10.168012	73
10.038862	10.213850	82
10.043012	10.215925	79
10.047163	10.195112	53
10.315900	10.370100	65
10.326337	10.380476	56
10.355512	10.532575	84
10.478437	10.640913	82
10.609663	10.665937	44
10.613813	10.709638	74
10.624250	10.713850	80
10.897138	10.942976	46
10.901350	11.076337	80
10.918012	11.009687	71
11.209638	11.309675	55
11.220075	11.274274	63
11.234663	11.507612	82
11.334638	11.476362	80
11.486738	11.590925	79
11.495100	11.563825	70
11.511762	11.551313	63
11.520063	11.572187	55
11.795087	11.838850	46
11.813825	11.942976	79
11.815900	11.878400	70
12.111738	12.274274	53
12.136762	12.236738	62
12.168012	12.413862	80
12.282575	12.438825	79
12.415937	12.501325	77
12.438825	12.484663	62
12.447187	12.493024	68
12.447187	12.499250	58
12.749250	12.911726	77
12.749250	13.080488	51
12.753400	12.845075	68
13.061750	13.118024	63
13.082563	13.134687	58
13.088850	13.349226	79
13.182600	13.388837	77
13.334638	13.399274	67
13.340925	13.486738	75
13.345075	13.388837	63
13.370100	13.422163	58
13.628400	13.676313	46
13.649274	13.784650	70
13.970075	14.028425	68
13.970075	14.034650	58
13.986738	14.124250	74
14.007612	14.078413	65
14.080488	14.251325	75
14.226362	14.261762	68
14.232587	14.332563	77
14.238813	14.286726	65
14.238813	14.313825	74
14.259687	14.315900	58
14.505476	14.553388	51
14.522138	14.624250	70
14.788862	14.847150	58
14.805524	14.868024	67
14.805524	14.961774	75
14.820112	14.876325	63
14.926313	15.086774	77
15.049238	15.093000	67
15.055524	15.113813	58
15.057600	15.174238	75
15.067976	15.165937	79
15.072187	15.118024	63
15.326337	15.436750	50
15.357587	15.465925	70
15.663862	15.734663	58
15.676313	15.732587	68
15.676313	15.857587	77
15.678388	15.747175	65
15.790937	15.947187	79
15.913862	15.961774	68
15.938825	16.072187	80
15.940900	15.999250	58
15.945112	16.067976	77
15.947187	16.007612	65
16.265913	16.378400	51
16.290937	16.515913	73
16.293012	16.501325	79
16.299238	16.549238	82
16.630476	16.690900	58
16.640913	16.701337	67
16.651350	16.703413	61
16.799238	16.915937	82
16.822187	16.882612	79
16.940900	17.005476	52
16.955488	17.061750	73
17.099226	17.226362	82
17.113813	17.176313	79
17.224226	17.418012	53
17.232587	17.340925	73
17.388837	17.538862	82
17.397138	17.484663	79
17.493024	17.543012	65
17.503400	17.557600	56
17.538862	17.757612	84
17.659650	17.824262	82
17.799238	17.868024	44
17.811750	17.932600	80
17.815900	17.874250	74
18.082563	18.122175	46
18.095075	18.153425	71
18.261762	18.392988	80
18.407575	18.461774	63
18.411726	18.690900	82
18.442976	18.499250	55
18.497175	18.659650	80
18.678388	18.718000	63
18.684675	18.767988	79
18.692976	18.740888	55
18.697187	18.747175	70
18.995100	19.036726	46
19.005476	19.095075	70
19.176313	19.301313	79
19.290937	19.411726	53
19.301313	19.384687	62
19.324262	19.603437	80
19.445112	19.628400	79
19.597150	19.684675	77
19.611738	19.674238	62
19.620100	19.672163	58
19.624250	19.672163	68
19.959638	20.488813	63
19.970075	20.484663	51
19.972150	20.207563	75
19.978437	20.136762	67
19.978437	20.482587	58
20.570112	20.626325	70
20.713850	20.786726	70
20.857587	20.930524	70
20.995100	21.061750	70
21.176313	21.286726	70
21.180524	21.230512	46
21.532575	21.601362	68
21.534650	21.695112	74
21.538862	21.601362	58
21.565900	21.630476	65
21.642988	21.838850	75
21.797163	21.886762	77
21.807600	21.847150	68
21.809675	21.859663	74
21.826337	21.895063	65
21.828413	21.882612	58
22.090925	22.138837	51
22.093000	22.205488	70
22.368024	22.424238	58
22.384687	22.528425	75
22.388837	22.445112	67
22.397138	22.451337	63
22.499250	22.647138	77
22.634687	22.676313	67
22.640913	22.732587	75
22.645063	22.743024	79
22.649274	22.695112	58
22.663862	22.715925	63
22.920087	22.984663	50
22.936750	23.038862	70
23.236738	23.299238	68
23.243024	23.299238	58
23.249250	23.436750	77
23.267988	23.334638	65
23.365888	23.505476	79
23.499250	23.536726	68
23.499250	23.624250	80
23.509687	23.626325	77
23.515913	23.563825	58
23.522138	23.567976	65
23.799238	23.855512	51
23.820112	24.022138	79
23.820112	24.072187	82
23.824262	24.032575	73
24.118024	24.174238	58
24.124250	24.184675	67
24.163862	24.230512	61
24.386762	24.430524	52
24.399274	24.440900	82
24.405500	24.447187	73
24.424238	24.480512	79
24.513837	24.567976	73
24.513837	24.570112	82
24.638837	24.767988	73
24.640913	24.815900	82
24.649274	24.790937	53
24.663862	24.807600	79
24.915937	24.982587	65
24.926313	25.009687	56
24.940900	25.124250	84
25.065900	25.232587	82
25.188825	25.249250	44
25.195112	25.303388	74
25.197187	25.317976	80
25.465925	25.507612	46
25.480512	25.618024	80
25.488813	25.561750	71
25.799238	25.926313	55
25.811750	25.876325	63
25.811750	26.024274	82
25.934675	26.103437	80
26.111738	26.155500	63
26.111738	26.182600	55
26.128400	26.249250	79
26.174238	26.249250	70
26.474226	26.547163	46
26.503400	26.686750	79
26.503400	26.722150	70
26.853437	27.015913	53
26.859663	26.995100	62
26.901350	27.136762	80
26.995100	27.168012	79
27.147138	27.257612	77
27.155500	27.230512	62
27.174238	27.228437	58
27.190900	27.243024	68
27.476362	27.584638	68
27.476362	27.803388	51
27.482587	27.611738	77
27.782575	27.853437	63
27.807600	27.857587	58
27.807600	28.099226	79
27.913862	28.130476	77
28.070112	28.130476	67
28.070112	28.205488	75
28.088850	28.134687	63
28.118024	28.165937	58
28.382612	28.436750	46
28.390913	28.468000	70
28.551313	28.782575	74
28.678388	28.813825	75
28.726362	28.797163	68
28.738813	28.817976	58
28.776350	28.920087	76
28.788862	28.836774	65
28.961774	29.001325	68
28.961774	29.067976	77
28.972150	29.015913	74
28.984663	29.034650	65
28.995100	29.040937	58
29.257612	29.303388	51
29.276350	29.322187	70
29.415937	29.618024	74
29.509687	29.561750	58
29.534650	29.657575	75
29.543012	29.605512	63
29.557600	29.609663	67
29.611738	29.738813	77
29.745100	29.859663	75
29.755476	29.847150	79
29.770063	29.813825	67
29.776350	29.843000	58
29.778425	29.832563	63
30.036726	30.111738	50
30.051313	30.168012	70
30.290937	30.513837	76
30.451337	30.620100	77
30.478437	30.567976	68
30.490888	30.547163	58
30.499250	30.565900	65
30.626325	30.749250	79
30.765913	30.809675	68
30.776350	30.857587	77
30.778425	30.834638	58
30.780500	30.834638	65
30.793012	30.840925	80
31.082563	31.218000	51
31.151350	31.515913	82
31.159650	31.503400	73
31.186750	31.534650	79
31.511762	31.559675	67
31.513837	31.561750	58
31.528425	31.582563	61
31.809675	31.911726	52
31.817976	31.863813	73
31.824262	31.870100	82
31.843000	31.892988	79
31.945112	32.020063	82
31.957563	32.003400	79
31.957563	32.007612	73
32.080488	32.234663	73
32.088850	32.267988	79
32.093000	32.253400	53
32.099226	32.265913	82
32.365888	32.440900	65
32.392988	32.449262	56
32.407575	32.745100	84
32.538862	32.736738	82
32.682600	32.780500	44
32.697187	32.805524	74
32.699262	32.826337	80
32.970075	33.013837	46
32.974226	33.145063	80
32.990888	33.072187	71
33.295087	33.353437	63
33.295087	33.359663	55
33.299238	33.488813	82
33.395063	33.593000	80
33.555524	33.605512	63
33.559675	33.626325	55
33.578413	33.634687	79
33.595075	33.657575	70
33.853437	33.899274	46
33.876325	33.986738	70
33.897138	34.026350	79
34.161726	34.361738	53
34.182600	34.309675	62
34.186750	34.478437	80
34.320112	34.505476	79
34.482587	34.622175	58
34.488813	34.609663	77
34.503400	34.576337	68
34.915937	35.257612	63
34.922163	35.228437	51
34.926313	35.040937	67
34.926313	35.072187	75
34.940900	35.263837	58
35.288862	35.359663	75
35.468000	35.515913	75
35.668012	35.709638	61
35.668012	35.740888	51
35.684675	35.730512	75
35.695112	35.738813	55
35.851362	35.940900	75
36.057600	36.159650	75
36.065900	36.109663	44
36.290937	36.355512	75
36.440900	36.490888	75
36.442976	36.499250	51
36.459638	36.517988	60
36.470075	36.524274	56
36.586774	36.653425	75
36.740888	36.849226	75
36.757612	36.836774	51
36.763837	36.809675	60
36.763837	36.817976	56
36.909650	36.959638	75
37.072187	37.130476	44
37.093000	37.297163	77
37.261762	37.390913	75
37.378400	37.442976	51
37.392988	37.455488	60
37.397138	37.505476	72
37.547163	37.638837	68
37.709638	37.774274	60
37.715925	37.793012	51
37.715925	37.822187	63
37.718000	37.774274	56
37.880476	38.001325	64
38.061750	38.118024	44
38.061750	38.172163	65
38.270063	38.378400	65
38.451337	38.524274	65
38.474226	38.590925	60
38.480512	38.563825	58
38.488813	38.561750	52
38.632612	38.707563	65
38.801313	38.913862	65
38.817976	38.918012	58
38.826337	38.872175	60
38.838850	38.897138	52
39.034650	39.138837	65
39.230512	39.397138	44
39.324262	39.420087	63
39.536726	39.647138	68
39.740888	39.909650	72
39.759687	39.813825	54
39.772138	39.849226	62
39.774274	39.826337	58
39.899274	40.072187	75
40.080488	40.205488	80
40.093000	40.136762	58
40.093000	40.138837	62
40.259687	40.415937	76
40.424238	40.513837	50
40.428388	40.543012	77
40.615888	40.668012	77
40.738813	40.847150	65
40.755476	40.820112	56
40.770063	40.855512	77
40.820112	40.880476	59
40.924238	41.015913	77
41.072187	41.124250	65
41.080488	41.157575	56
41.088850	41.142988	77
41.088850	41.149274	59
41.105512	41.151350	79
41.218000	41.265913	77
41.332563	41.374250	51
41.365888	41.490888	77
41.468000	41.570112	79
41.565900	41.611738	77
41.618024	41.668012	61
41.653425	41.711774	68
41.655500	41.755476	75
41.672163	41.734663	63
41.784650	41.953413	80
41.928388	41.984663	68
41.936750	42.015913	84
41.940900	42.017988	60
42.136762	42.174238	87
42.228437	42.299238	51
42.270063	42.524274	89
42.576337	42.763837	87
42.582563	42.645063	63
42.613813	42.672163	67
42.736738	42.782575	85
42.886762	43.003400	79
42.903425	42.970075	67
42.920087	42.988813	61
42.922163	42.972150	63
43.224226	43.513837	82
43.234663	43.480512	56
43.526350	43.663862	80
43.545087	43.586774	68
43.567976	43.622175	63
43.576337	43.640913	60
43.676313	43.817976	75
43.809675	43.849226	68
43.817976	43.920087	72
43.834638	43.890913	63
43.855512	43.911726	60
44.124250	44.165937	44
44.130476	44.182600	75
44.286726	44.359663	75
44.432600	44.474226	75
44.432600	44.488813	51
44.457563	44.524274	60
44.476606	44.540937	56
44.553693	44.615888	75
44.701337	44.797163	75
44.734663	44.795087	56
44.738813	44.799238	51
44.740888	44.788862	60
44.878400	44.928388	75
45.034650	45.097150	44
45.053388	45.209638	77
45.197187	45.320112	75
45.320112	45.382612	51
45.334638	45.411726	72
45.343000	45.407575	60
45.357587	45.426313	56
45.503400	45.553388	68
45.628400	45.688825	60
45.632612	45.701337	56
45.634687	45.705488	51
45.634687	45.736738	63
45.786726	45.907575	64
45.928388	45.980512	44
45.953413	46.051313	65
46.124250	46.192976	65
46.282575	46.378400	65
46.286726	46.365888	50
46.436750	46.543012	65
46.611738	46.732587	56
46.615888	46.678388	59
46.618024	46.732587	65
46.622175	46.707563	50
46.822187	46.920087	65
46.982587	47.113813	44
47.059675	47.109663	63
47.247175	47.309675	68
47.457563	47.638837	72
47.465925	47.532575	51
47.480512	47.530500	56
47.484663	47.549238	60
47.611738	47.774274	75
47.753400	47.815900	51
47.757612	47.817976	56
47.763837	47.826337	60
47.776350	47.874250	80
47.932600	48.070112	76
48.055524	48.124250	50
48.082563	48.188825	77
48.249250	48.336774	77
48.395063	48.490888	65
48.407575	48.532575	59
48.422163	48.526350	77
48.582563	48.678388	77
48.732587	48.849226	56
48.738813	48.815900	65
48.738813	48.834638	77
48.757612	48.815900	59
48.903425	48.997175	77
49.017988	49.063825	51
49.057600	49.184675	77
49.170087	49.282575	79
49.259687	49.363813	77
49.347150	49.472150	68
49.372175	49.436750	63
49.384687	49.461774	60
49.407575	49.517988	75
49.551313	49.749250	80
49.745100	49.780500	68
49.745100	49.822187	84
49.759687	49.813825	60
49.765913	49.809675	63
50.055524	50.165937	51
50.090925	50.324262	89
50.399274	50.613813	87
50.405500	50.482587	67
50.413862	50.472150	63
50.565900	50.684675	85
50.699262	50.763837	67
50.709638	50.822187	79
50.718000	50.778425	61
50.743024	50.809675	63
51.053388	51.317976	56
51.084638	51.305524	80
51.442976	51.543012	68
51.449262	51.553388	60
51.780500	51.817976	68
51.784650	51.872175	72
51.803388	51.845075	65
51.857587	51.949262	74
51.934675	51.965925	72
52.165937	52.307600	70
52.172163	52.215925	46
52.520063	52.580488	68
52.528425	52.582563	58
52.534650	52.670087	74
52.549238	52.624250	65
52.634687	52.774274	75
52.772138	52.865888	77
52.774274	52.832563	74
52.782575	52.820112	68
52.801313	52.847150	58
52.817976	52.884687	65
53.059675	53.109663	51
53.084638	53.222150	70
53.351362	53.411726	58
53.357587	53.430524	67
53.363813	53.522138	75
53.372175	53.424238	63
53.486738	53.640913	77
53.597150	53.724226	75
53.599226	53.649274	67
53.605512	53.686750	79
53.611738	53.665937	58
53.622175	53.674238	63
53.918012	53.982587	50
53.938825	54.065900	70
54.236738	54.330488	58
54.249250	54.309675	68
54.261762	54.370100	65
54.261762	54.422163	77
54.374250	54.505476	79
54.499250	54.618024	80
54.501325	54.543012	68
54.505476	54.622175	77
54.511762	54.582563	58
54.524274	54.595075	65
54.795087	54.863813	51
54.811750	54.997175	73
54.813825	55.036726	82
54.820112	54.982587	79
55.103437	55.153425	67
55.105512	55.155500	58
55.115888	55.161726	61
55.349226	55.403425	52
55.368024	55.409650	82
55.378400	55.428388	73
55.388837	55.440900	79
55.482587	55.545087	73
55.482587	55.590925	82
55.513837	55.555524	79
55.618024	55.763837	53
55.618024	55.763837	73
55.622175	55.780500	79
55.626325	55.813825	82
55.886762	55.947187	65
55.890913	55.968000	56
55.897138	56.105512	84
56.045087	56.245100	82
56.176313	56.328657	44
56.203413	56.317976	74
56.203413	56.345075	80
56.478437	56.520063	46
56.495100	56.565900	71
56.505476	56.651350	80
56.797163	56.861738	63
56.797163	56.892988	55
56.822187	57.153425	82
56.976362	57.149274	80
57.095075	57.165937	63
57.101362	57.182600	55
57.142988	57.232587	70
57.147138	57.263837	79
57.434675	57.509687	46
57.474226	57.611738	70
57.495100	57.636762	79
57.774274	57.959638	53
57.828413	58.097150	80
57.838850	57.901350	62
57.843000	57.890913	64
57.942976	58.113813	79
58.072187	58.172163	62
58.084638	58.188825	77
58.122175	58.180524	58
58.132612	58.184675	68
58.386762	58.757612	51
58.399274	58.559675	77
58.405500	58.534650	68
58.709638	58.767988	63
58.738813	58.793012	58
58.738813	59.061750	79
58.851362	59.088850	77
59.022138	59.093000	67
59.030500	59.140913	75
59.036726	59.084638	63
59.065900	59.118024	58
59.347150	59.392988	46
59.357587	59.422163	70
59.538862	59.780500	74
59.682600	59.855512	75
59.705488	59.774274	68
59.705488	59.784650	58
59.830488	59.940900	76
59.993024	60.034650	68
60.003400	60.103437	77
60.015913	60.065900	58
60.022138	60.078413	65
60.026350	60.070112	74
60.311750	60.361738	51
60.338850	60.384687	70
60.480512	60.653425	74
60.611738	60.672163	58
60.620100	60.734663	75
60.624250	60.690900	67
60.636762	60.699262	63
60.728437	60.897138	77
60.903425	61.011762	75
60.907575	60.957563	67
60.915937	60.978437	63
60.920087	61.026350	79
60.924238	60.976362	58
61.236738	61.305524	50
61.251325	61.353437	70
61.478437	61.697187	76
61.642988	61.701337	68
61.647138	61.705488	58
61.651350	61.795087	77
61.668012	61.743024	65
61.797163	61.922163	79
61.932600	61.970075	68
61.936750	62.020063	77
61.945112	61.995100	58
61.953413	62.001325	80
61.953413	62.003400	65
62.253400	62.432600	51
62.365888	62.795087	82
62.368024	62.788862	73
62.376325	62.793012	79
62.799238	62.868024	58
62.803388	62.905500	67
62.828413	62.884687	61
63.178388	63.270063	52
63.184675	63.249250	82
63.192976	63.249250	73
63.215925	63.270063	79
63.334638	63.422163	82
63.345075	63.401350	73
63.351362	63.405500	79
63.501325	63.701337	82
63.509687	63.628400	73
63.511762	63.705488	53
63.517988	63.718000	79
63.811750	63.892988	65
63.830488	63.918012	56
63.830488	64.082563	84
63.990888	64.220075	82
64.184675	64.374250	80
64.192976	64.353437	74
64.192976	64.355512	44
64.584638	64.697187	46
64.603437	64.803388	80
64.611738	64.795087	71
65.043012	65.115888	63
65.049238	65.124250	55
65.063825	65.276350	82
65.226362	65.420087	80
65.376325	65.436750	63
65.382612	65.445112	55
65.415937	65.524274	79
65.420087	65.497175	70
65.747175	65.822187	46
65.767988	65.924238	70
65.778425	65.930524	79
66.203413	66.424238	53
66.215925	66.409650	80
66.226362	66.407575	62
66.249250	66.299238	64
66.440900	66.645063	79
66.678388	66.778425	62
66.682600	66.830488	77
66.688825	66.765913	58
66.692976	66.855512	68
67.276350	68.695112	51
67.284650	68.565900	63
67.290937	68.628400	58
67.326337	67.847150	75
67.343000	67.767988	67
68.618024	69.286726	68
69.199262	69.415937	32
69.338850	69.947187	78
69.351362	69.851362	75
69.918012	70.072187	51
69.945112	70.165937	60
70.215925	70.276350	66
70.215925	70.320112	56
70.288862	70.509687	71
70.288862	70.551313	74
70.540937	70.609663	44
70.590925	70.795087	75
70.611738	70.738813	72
70.972150	71.138837	51
71.005476	71.197187	60
71.020063	71.086774	68
71.163862	71.230512	68
71.326337	71.424238	68
71.336774	71.378400	66
71.343000	71.401350	56
71.653425	71.782575	49
71.718000	71.984663	78
71.718000	72.053388	82
72.063825	72.270063	61
72.070112	72.213850	53
72.349226	72.470075	56
72.355512	72.567976	79
72.359663	72.424238	65
72.363813	72.507612	76
72.626325	72.684675	49
72.647138	72.759687	80
72.663862	72.724226	77
72.938825	73.017988	68
72.978437	73.070112	53
73.090925	73.186750	68
73.259687	73.411726	56
73.290937	73.359663	65
73.290937	73.445112	68
73.630476	73.678388	44
73.657575	73.828413	78
73.663862	73.786726	75
73.972150	74.017988	61
73.984663	74.057600	51
74.320112	74.372175	66
74.338850	74.401350	56
74.338850	74.493024	71
74.338850	74.551313	74
74.632612	74.674238	44
74.647138	74.761762	75
74.655500	74.736738	72
74.990888	75.088850	68
74.999250	75.067976	56
75.017988	75.157575	60
75.157575	75.267988	68
75.326337	75.380476	66
75.338850	75.436750	68
75.690900	75.749250	70
75.699262	75.743024	78
75.703413	76.086774	49
76.045087	76.095075	68
76.045087	76.099226	77
76.045087	76.428388	56
76.384687	76.442976	66
76.395063	76.442976	75
76.734663	76.780500	49
76.761762	76.824262	65
76.767988	76.830488	73
77.145063	77.284650	61
77.151350	77.211774	68
77.151350	77.257612	53
77.334638	77.411726	68
77.524274	77.570112	68
77.524274	77.665937	56
77.536726	77.593000	65
77.905500	78.051313	44
77.949262	78.380476	78
77.957563	78.368024	75
78.343000	78.472150	51
78.359663	78.524274	60
78.697187	78.745100	66
78.705488	78.924238	74
78.709638	78.840925	71
78.720075	78.770063	56
79.032575	79.097150	44
79.055524	79.230512	75
79.067976	79.203413	72
79.374250	79.570112	51
79.422163	79.642988	60
79.436750	79.540937	68
79.603437	79.701337	68
79.788862	79.880476	68
79.797163	79.838850	66
79.803388	79.859663	56
80.118024	80.163862	49
80.136762	80.428388	82
80.145063	80.192976	78
80.509687	80.653425	53
80.513837	80.684675	61
80.826337	80.942976	56
80.832563	80.901350	65
80.834638	81.028425	79
80.838850	80.968000	76
81.147138	81.197187	49
81.159650	81.257612	80
81.176313	81.232587	77
81.495100	81.582563	68
81.499250	81.711774	61
81.526350	81.690900	53
81.661726	81.770063	68
81.865888	81.982587	56
81.865888	82.213850	68
81.874250	81.924238	65
82.234663	82.288862	42
82.249250	82.570112	80
82.632612	82.815900	54
82.649274	82.863813	68
82.661726	82.774274	62
82.795087	83.003400	80
82.959638	83.005476	63
82.970075	83.090925	78
82.982587	83.028425	58
82.984663	83.034650	75
83.276350	83.334638	44
83.597150	83.715925	53
83.597150	83.803388	68
83.603437	83.682600	60
83.753400	83.951337	78
83.930524	83.986738	61
83.930524	84.001325	56
83.930524	84.038862	77
83.936750	84.034650	73
84.232587	84.274274	44
84.530500	84.670087	60
84.538862	84.707563	66
84.543012	84.628400	51
84.695112	84.940900	77
84.870100	84.934675	60
84.872175	84.934675	51
84.884687	84.986738	75
84.899274	84.957563	66
84.901350	84.953413	56
85.320112	86.142988	49
85.336774	85.674238	61
85.355512	86.220075	56
85.374250	85.572187	73
85.384687	85.509687	65
86.370100	86.461774	49
86.432600	86.918012	68
86.817976	87.001325	44
86.926313	87.176313	78
86.930524	87.128400	75
87.324262	87.457563	51
87.334638	87.524274	60
87.657575	87.709638	66
87.678388	88.005476	74
87.686750	87.732587	56
87.695112	87.836774	71
88.001325	88.070112	44
88.024274	88.190900	75
88.051313	88.155500	72
88.415937	88.586774	51
88.436750	88.547163	68
88.436750	88.642988	60
88.603437	88.688825	68
88.757612	88.855512	68
88.767988	88.811750	66
88.782575	88.830488	56
89.093000	89.209638	49
89.103437	89.392988	82
89.111738	89.382612	78
89.470075	89.645063	61
89.493024	89.618024	53
89.763837	89.884687	56
89.770063	89.853437	65
89.782575	89.930524	76
89.786726	89.976362	79
90.084638	90.147138	49
90.090925	90.201337	80
90.103437	90.163862	77
90.411726	90.563825	53
90.418012	90.501325	68
90.424238	90.578413	61
90.567976	90.672163	68
90.709638	90.830488	56
90.728437	90.788862	65
90.730512	90.859663	68
91.043012	91.097150	44
91.074262	91.172163	75
91.074262	91.186750	78
91.370100	91.522138	51
91.392988	91.580488	60
91.653425	91.703413	66
91.672163	91.795087	71
91.674238	91.726362	56
91.674238	91.884687	74
91.957563	92.005476	44
91.976362	92.082563	75
91.997175	92.047163	72
92.288862	92.507612	60
92.293012	92.370100	68
92.295087	92.372175	56
92.436750	92.543012	68
92.605512	92.661726	66
92.620100	92.715925	68
92.990888	93.436750	49
93.011762	93.076337	70
93.024274	93.074262	78
93.384687	93.593000	56
93.399274	93.451337	77
93.420087	93.468000	68
93.715925	93.765913	66
93.726362	93.772138	75
94.049238	94.101362	49
94.063825	94.140913	65
94.080488	94.142988	73
94.409650	94.497175	61
94.418012	94.503400	53
94.426313	94.478437	68
94.597150	94.665937	68
94.780500	94.942976	56
94.782575	94.865888	68
94.793012	94.863813	65
95.222150	95.357587	44
95.274274	95.561750	78
95.284650	95.547163	75
95.622175	95.745100	51
95.649274	95.809675	60
95.915937	95.972150	66
95.930524	96.138837	74
95.936750	96.078413	71
95.938825	95.988813	56
96.207563	96.259687	44
96.228437	96.361738	75
96.243024	96.311750	72
96.490888	96.680524	51
96.524274	96.736738	60
96.532575	96.628400	68
96.678388	96.761762	68
96.807600	96.861738	66
96.815900	96.926313	56
96.817976	96.901350	68
97.063825	97.151350	49
97.130476	97.411726	78
97.134687	97.436750	82
97.430524	97.576337	53
97.434675	97.607587	61
97.678388	97.728437	65
97.678388	97.788862	56
97.684675	97.905500	79
97.690900	97.830488	76
97.924238	97.968000	49
97.940900	98.036726	80
97.955488	97.999250	77
98.195112	98.368024	61
98.203413	98.247175	68
98.205488	98.347150	53
98.324262	98.392988	68
98.434675	98.547163	56
98.451337	98.503400	65
98.451337	98.586774	68
98.747175	98.786726	42
98.778425	99.009687	80
99.013837	99.157575	61
99.047163	99.232587	68
99.165937	99.355512	80
99.311750	99.390913	63
99.320112	99.415937	78
99.330488	99.378400	75
99.368024	99.413862	58
99.597150	99.642988	44
99.613813	99.678388	46
99.868024	100.026350	68
99.874250	99.940900	60
99.874250	99.997175	53
100.020063	100.195112	78
100.128400	100.205488	61
100.149274	100.236738	56
100.165937	100.270063	73
100.174238	100.293012	77
100.418012	100.463850	44
100.682600	100.776350	51
100.690900	100.817976	66
100.697187	100.776350	60
100.757612	100.801313	56
100.822187	100.978437	77
100.936750	100.997175	51
100.947187	100.995100	60
100.959638	101.053388	75
100.965925	101.020063	56
100.972150	101.022138	66
101.184675	101.790937	49
101.330488	101.711774	61
101.349226	101.811750	56
101.401350	101.584638	73
101.420087	101.574262	65
101.765913	101.809675	61
101.880476	101.934675	61
101.980512	102.072187	61
102.343000	102.390913	37
102.382612	102.572187	68
102.386762	102.524274	65
102.845075	102.986738	49
102.853437	102.928388	56
102.861738	102.997175	59
103.132612	103.174238	59
103.140913	103.203413	49
103.145063	103.192976	56
103.161726	103.240888	65
103.176313	103.222150	68
103.357587	103.551313	65
103.361738	103.405500	68
103.411726	103.449262	37
103.447187	103.524274	70
103.482587	103.586774	68
103.734663	103.803388	49
103.753400	103.809675	59
103.755476	103.807600	56
103.892988	103.951337	63
103.892988	104.059675	66
103.984663	104.034650	59
103.993024	104.038862	56
104.003400	104.101362	49
104.009687	104.257612	68
104.026350	104.195112	65
104.317976	104.370100	42
104.330488	104.611738	66
104.334638	104.626325	70
104.690900	104.786726	58
104.705488	104.795087	49
104.711774	104.763837	54
104.988813	105.034650	58
104.995100	105.107587	70
104.995100	105.405500	73
105.005476	105.051313	54
105.009687	105.063825	49
105.249250	105.332563	42
105.324262	105.795087	78
105.328413	105.834638	70
105.665937	105.813825	50
105.684675	105.751325	58
106.017988	106.080488	58
106.020063	106.120100	51
106.343000	106.490888	44
106.397138	106.751325	77
106.403425	106.767988	68
106.730512	106.853437	51
106.743024	106.853437	60
106.751325	106.817976	56
106.886762	106.932600	75
107.020063	107.101362	75
107.024274	107.088850	66
107.055524	107.111738	60
107.057600	107.120100	51
107.093000	107.157575	56
107.322187	107.376325	44
107.334638	107.584638	68
107.343000	107.565900	77
107.642988	107.705488	51
107.653425	107.728437	56
107.655500	107.749250	60
107.761762	107.807600	75
107.888837	108.015913	75
107.895063	107.942976	66
107.920087	107.968000	60
107.922163	107.974226	56
107.926313	107.995100	51
108.188825	108.272138	44
108.222150	108.488813	77
108.222150	108.505476	68
108.509687	108.576337	51
108.530500	108.590925	56
108.530500	108.603437	60
108.642988	108.692976	75
108.803388	108.915937	75
108.809675	108.870100	60
108.813825	108.884687	51
108.822187	108.870100	56
108.824262	108.880476	66
109.159650	109.611738	49
109.199262	109.584638	64
109.199262	109.657575	72
109.565900	109.659650	61
109.588850	109.647138	56
109.707563	109.799238	73
109.857587	109.897138	65
109.857587	109.955488	73
109.884687	109.934675	61
109.918012	109.968000	56
110.224226	110.284650	49
110.245100	110.480512	80
110.251325	110.434675	77
110.613813	110.759687	68
110.626325	110.711774	61
110.632612	110.726362	71
110.926313	111.001325	80
110.932600	111.020063	77
110.932600	111.024274	61
110.936750	110.984663	68
110.945112	111.011762	71
111.140913	111.195112	80
111.155500	111.347150	77
111.211774	111.299238	82
111.232587	111.270063	49
111.257612	111.395063	80
111.580488	111.659650	61
111.584638	111.655500	68
111.584638	111.678388	71
111.705488	111.763837	75
111.705488	111.892988	78
111.824262	112.036726	80
111.828413	111.872175	71
111.828413	111.932600	61
111.828413	112.032575	77
111.834638	111.884687	68
112.109663	112.372175	78
112.113813	112.157575	54
112.122175	112.382612	82
112.409650	112.486738	70
112.418012	112.513837	61
112.434675	112.495100	66
112.686750	112.730512	70
112.686750	112.743024	82
112.688825	112.843000	85
112.692976	112.749250	66
112.695112	112.747175	61
112.947187	112.993024	54
112.986738	113.438825	90
112.990888	113.470075	82
113.272138	113.420087	62
113.293012	113.384687	70
113.557600	113.651350	70
113.578413	113.661726	63
113.832563	113.895063	56
113.876325	114.168012	80
113.876325	114.168012	89
114.147138	114.205488	63
114.165937	114.230512	72
114.170087	114.218000	68
114.247175	114.284650	87
114.357587	114.413862	87
114.376325	114.413862	78
114.395063	114.432600	72
114.397138	114.451337	63
114.403425	114.453413	68
114.630476	114.676313	56
114.630476	114.809675	80
114.630476	114.824262	89
114.886762	114.945112	63
114.899274	114.959638	72
114.903425	114.955488	68
114.984663	115.024274	87
115.093000	115.203413	87
115.099226	115.140913	78
115.111738	115.149274	72
115.111738	115.174238	63
115.113813	115.170087	68
115.399274	115.603437	56
115.524274	115.926313	89
115.528425	115.899274	80
115.859663	115.963850	63
115.861738	115.955488	68
115.861738	115.978437	72
115.976362	116.015913	87
116.059675	116.132612	72
116.063825	116.130476	63
116.080488	116.113813	87
116.084638	116.132612	68
116.088850	116.128400	78
116.522138	117.463850	61
116.561750	117.180524	73
116.576337	117.457563	68
116.590925	116.918012	77
116.590925	117.034650	85
117.795087	117.865888	77
118.047163	118.103437	77
118.051313	118.093000	46
118.095075	118.140913	78
118.357587	118.482587	78
118.407575	118.468000	61
118.415937	118.505476	53
118.455488	118.526350	76
118.674238	118.734663	76
118.715925	118.824262	77
118.718000	118.763837	61
118.726362	118.778425	53
118.955488	119.053388	77
118.970075	119.022138	45
118.997175	119.061750	78
119.226362	119.353437	78
119.290937	119.340925	63
119.290937	119.361738	60
119.299238	119.376325	53
119.299238	119.399274	76
119.524274	119.588850	76
119.545087	119.636762	77
119.549238	119.595075	63
119.572187	119.622175	60
119.813825	119.859663	46
119.815900	119.913862	77
119.876325	119.984663	89
120.324262	120.438825	85
120.330488	120.449262	61
120.357587	120.418012	58
120.370100	120.440900	53
120.418012	120.474226	82
120.670087	120.720075	61
120.676313	120.728437	58
120.680524	120.776350	85
120.686750	120.834638	84
120.928388	120.976362	51
120.932600	121.024274	84
120.949262	121.032575	83
121.170087	121.282575	83
121.226362	121.317976	82
121.226362	121.326582	61
121.245100	121.313825	58
121.436750	121.532575	82
121.453413	121.549238	81
121.463850	121.540937	66
121.480512	121.532575	61
121.684675	121.759687	81
121.722150	121.826337	80
121.724226	121.870100	53
121.953413	122.051313	80
121.980512	122.063825	65
121.982587	122.040937	58
121.982587	122.063825	79
121.993024	122.043012	61
122.197187	122.330488	79
122.213850	122.311750	78
122.226362	122.328413	65
122.240888	122.301313	61
122.257612	122.309675	58
122.428388	122.586774	79
122.451337	122.576337	53
122.474226	122.622175	78
122.728437	122.857587	78
122.745100	122.822187	61
122.745100	122.843000	65
122.755476	122.892988	77
123.001325	123.165937	77
123.090925	123.261762	65
123.105512	123.209638	72
123.424238	123.524274	72
123.472150	123.513837	46
123.482587	123.574262	73
123.734663	123.863813	73
123.797163	123.855512	61
123.824262	123.895063	53
123.834638	123.915937	69
124.065900	124.138837	69
124.105512	124.147138	61
124.111738	124.170087	53
124.115888	124.215925	70
124.380476	124.493024	70
124.384687	124.438825	45
124.445112	124.499250	73
124.751325	124.872175	73
124.770063	124.834638	63
124.788862	124.863813	60
124.795087	124.892988	75
124.799238	124.861738	53
125.055524	125.149274	75
125.065900	125.107587	63
125.086774	125.184675	76
125.090925	125.138837	60
125.332563	125.376325	46
125.338850	125.453413	77
125.382612	125.490888	78
125.626325	125.745100	78
125.653425	125.751325	61
125.680524	125.782575	76
125.695112	125.763837	53
125.905500	125.955488	76
125.926313	125.976362	61
125.940900	126.051313	77
125.947187	125.997175	53
126.163862	126.272138	77
126.188825	126.238813	45
126.218000	126.320112	78
126.432600	126.590925	78
126.501325	126.547163	63
126.501325	126.572187	60
126.501325	126.607587	53
126.526350	126.640913	76
126.732587	126.828413	76
126.774274	126.886762	77
126.780500	126.826337	63
126.807600	126.855512	60
126.988813	127.093000	77
127.017988	127.057600	46
127.078413	127.182600	89
127.338850	127.551313	89
127.368024	127.486738	85
127.374250	127.455488	58
127.382612	127.459638	61
127.399274	127.472150	53
127.607587	127.701337	85
127.626325	127.697187	61
127.638837	127.697187	58
127.649274	127.734663	82
127.870100	127.926313	51
127.870100	127.986738	82
127.905500	127.986738	78
128.170087	128.303388	78
128.174238	128.305524	66
128.184675	128.263837	58
128.205488	128.315900	75
128.247175	128.328413	60
128.465925	128.578413	75
128.474226	128.534650	66
128.490888	128.582563	72
128.720075	128.832563	78
128.745100	128.868024	53
128.767988	128.868024	77
128.990888	129.132612	77
129.034650	129.109663	65
129.040937	129.099226	76
129.043012	129.097150	58
129.049238	129.099226	61
129.255476	129.382612	76
129.286726	129.351362	75
129.290937	129.376325	65
129.295087	129.353437	61
129.313825	129.363813	58
129.493024	129.726362	76
129.528425	129.749250	57
129.549238	129.670087	75
129.551313	129.690900	65
129.582563	129.651350	63
129.884687	130.070112	75
129.903425	130.099226	57
129.907575	130.072187	63
129.918012	130.078413	65
129.949262	129.993024	72
130.376325	130.749250	57
130.382612	130.799238	65
130.382612	130.834638	63
130.399274	130.517988	73
130.449262	130.613813	72
131.072187	131.272138	72
131.172163	131.584638	73
131.190900	132.618024	65
131.205488	132.663862	58
131.238813	132.680524	61
131.563825	131.755476	72
131.865888	132.151350	71
132.228437	132.793012	70
133.045087	133.353437	46
133.401350	133.747175	34
133.807600	134.486738	70
133.815900	134.493024	61
133.824262	134.432600	58
