3.448140	3.748140	59
3.746056	3.960640	64
4.010640	4.235640	66
4.260640	4.331473	52
4.268973	4.337723	67
4.539806	5.364806	64
4.541890	4.591890	59
4.554390	4.608556	55
4.777306	4.856473	47
5.058556	5.121056	59
5.085640	5.141890	55
5.375223	5.562723	52
5.639806	5.791890	59
5.898140	5.964806	64
6.143973	6.210640	66
6.408556	6.462723	67
6.418973	6.475223	52
6.673140	6.727306	64
6.677306	6.723140	59
6.716890	6.771056	55
6.943973	7.010640	47
7.198140	7.243973	59
7.212723	7.262723	55
7.500223	7.535640	52
7.781473	7.829390	59
8.050223	8.118973	64
8.302306	8.358556	66
8.558556	8.604390	52
8.581473	8.652306	67
8.833556	8.877306	59
8.846056	8.891890	55
9.068973	9.131473	47
9.083556	9.137723	66
9.339806	9.387723	59
9.350223	9.400223	64
9.358556	9.408556	55
9.631473	9.827306	52
9.631473	10.183556	67
9.916890	9.993973	59
9.927306	9.987723	55
10.183556	10.337723	52
10.189806	10.458556	66
10.452306	10.500223	55
10.452306	10.552306	64
10.460640	10.523140	59
10.727306	11.414806	47
10.762723	11.106473	71
11.077306	11.152306	51
11.327306	11.464806	71
11.343973	11.446056	64
11.591890	11.652306	59
11.606473	11.739806	71
11.610640	11.666890	64
11.958556	12.821056	51
11.975223	12.766890	59
11.977306	12.443973	71
11.981473	12.783556	54
11.989806	12.335640	63
12.854390	13.000223	69
13.006473	13.164806	71
13.187723	14.008556	45
13.191890	13.371056	72
13.460640	13.825223	72
13.468973	13.904390	52
13.714806	13.952306	57
13.977306	14.089806	60
14.275223	14.471056	60
14.279390	14.525223	64
14.552306	14.904390	57
14.896056	15.131473	52
15.064806	15.289806	76
15.221056	15.379390	74
15.368973	15.568973	72
15.521056	15.856473	43
15.548140	15.918973	76
15.810640	15.983556	52
15.831473	16.975223	71
16.071056	16.139806	59
16.337723	17.385640	55
16.348140	16.908556	76
16.679390	17.298140	59
17.256473	17.418973	64
17.410640	17.566890	71
17.564806	17.725223	69
17.733556	17.839806	67
17.900223	18.160640	47
17.906473	17.964806	66
18.139806	18.210640	59
18.400223	18.523140	71
18.414806	18.458556	51
18.664806	18.714806	59
18.677306	18.725223	54
18.916890	19.027306	47
18.923140	18.971056	66
19.189806	19.248140	54
19.221056	19.275223	59
19.437723	19.504390	51
19.462723	19.723140	67
19.698140	19.741890	54
19.723140	19.785640	59
19.962723	21.031473	52
19.981473	20.216890	64
20.212723	20.337723	67
20.383556	20.429390	71
20.493973	20.758556	59
20.543973	20.604390	76
20.702306	20.881473	79
20.875223	21.014806	83
21.025223	21.214806	79
21.206473	21.248140	88
21.206473	21.837723	64
21.214806	21.791890	52
21.216890	21.802306	59
21.877306	21.975223	71
21.985640	22.116890	76
22.266890	22.343973	78
22.471056	22.579390	76
22.564806	22.654390	64
22.568973	22.800223	79
22.821056	22.904390	71
22.831473	23.700223	76
22.852306	22.918973	67
23.077306	23.146056	59
23.323140	23.400223	71
23.339806	23.410640	67
23.639806	24.058556	64
23.914806	24.031473	71
24.168973	24.414806	76
24.429390	24.506473	78
24.600223	24.702306	76
24.662723	24.754390	78
24.731473	24.958556	64
24.754390	25.156473	79
25.000223	25.064806	71
25.023140	25.085640	67
25.052306	25.914806	76
25.266890	25.366890	59
25.558556	25.608556	71
25.568973	25.623140	67
25.860640	26.368973	64
26.133556	26.343973	71
26.410640	26.633556	76
26.654390	26.887723	78
26.927306	27.143973	64
26.937723	27.491890	79
27.204390	27.304390	67
27.208556	27.321056	71
27.456473	27.606473	62
27.458556	27.733556	78
27.725223	27.808556	71
27.727306	27.823140	67
27.737723	27.829390	76
28.004390	28.287723	60
28.035640	28.560640	79
28.296056	28.406473	71
28.308556	28.429390	67
28.554390	28.718973	59
28.575223	28.843973	78
28.835640	28.885640	71
28.835640	28.896056	67
28.841890	29.054390	76
29.104390	29.471056	59
29.127306	29.358556	83
29.129390	29.437723	78
29.398140	29.573140	63
29.664806	29.773140	76
29.664806	29.789806	83
29.700223	29.758556	71
29.939806	30.060640	83
29.943973	30.010640	76
29.946056	29.998140	71
29.983556	30.041890	66
30.275223	31.058556	63
30.277306	30.971056	71
30.298140	30.589806	75
30.298140	30.623140	83
30.871056	31.114806	81
31.152306	31.279390	83
31.316890	31.529390	72
31.358556	31.583556	76
31.373140	31.593973	81
31.391890	31.931473	57
31.456473	31.650223	84
31.731473	32.141890	84
31.737723	31.958556	64
31.737723	32.012723	81
31.971056	32.041890	69
32.223140	33.156473	72
32.506473	33.146056	76
32.773140	33.123140	88
33.093973	33.510640	86
33.523140	33.668973	84
33.654390	34.027306	52
33.666890	34.052306	88
33.939806	34.110640	59
33.971056	34.606473	83
34.200223	34.254390	64
34.473140	35.252306	67
34.743973	35.087723	76
34.766890	35.354390	71
35.021056	35.256473	83
35.289806	35.531473	81
35.531733	35.866890	79
35.816890	36.568973	60
35.841890	36.337723	78
36.137723	36.516890	64
36.139806	36.566890	72
36.416890	37.008556	83
36.662723	36.806473	67
36.935640	37.389806	59
36.952306	37.537723	78
37.229390	37.433556	71
37.231473	37.404390	63
37.514806	38.154390	79
37.766890	37.816890	66
38.062723	38.468973	52
38.121056	38.331473	76
38.393973	38.535640	59
38.558556	38.627306	55
38.725223	39.404390	64
38.989806	39.210640	52
39.356473	39.977306	40
39.660640	39.983556	59
39.933556	40.206473	64
40.200223	40.335640	66
40.362723	40.554390	64
40.477306	40.812723	68
40.481473	41.075223	52
40.785640	40.871056	56
40.791890	41.812723	64
41.060640	41.179390	59
41.316890	41.366890	56
41.639806	42.171056	47
42.010640	42.364806	59
42.296056	42.525223	64
42.529390	42.648140	66
42.671056	42.777306	59
42.727306	42.912723	64
42.829390	43.108556	68
42.864806	43.121056	52
43.096056	44.004390	64
43.125223	43.225223	56
43.127306	43.221056	59
43.371056	43.489806	47
43.635640	43.685640	56
43.646056	43.696056	59
43.966890	44.377306	52
44.239806	44.377306	59
44.523140	44.773140	64
44.787723	45.066890	66
45.077306	45.114806	68
45.079390	45.335640	52
45.085640	45.133556	64
45.325223	45.377306	56
45.331473	45.379390	59
45.602306	45.648140	66
45.621056	45.673140	52
45.883556	45.929390	56
45.889806	45.941890	59
45.891890	45.956473	64
46.166890	46.216890	47
46.166890	46.662723	68
46.433556	46.487723	59
46.452306	46.496056	56
46.706473	46.764806	56
46.727306	47.035640	66
46.746056	46.808556	59
47.006473	47.204390	64
47.016890	47.058556	56
47.027306	47.085640	59
47.281473	47.575223	71
47.285640	47.646056	66
47.552306	48.121056	47
47.835640	47.927306	66
47.835640	47.933556	71
48.100223	48.206473	71
48.110640	48.191890	64
48.131473	48.181473	51
48.427306	49.179390	51
48.441890	48.785640	63
48.441890	48.804390	71
48.448140	49.146056	59
49.033556	49.291890	69
49.314806	49.506473	71
49.608556	49.848140	73
49.612723	49.833556	69
49.614806	51.025223	45
49.623140	49.825223	61
49.914806	50.450223	73
49.921056	50.339806	61
49.921056	50.412723	69
50.179390	50.346056	57
50.437723	50.812723	52
50.702306	51.031473	57
50.962723	51.200223	76
51.231473	51.546056	75
51.498140	51.798140	73
51.725223	51.979390	44
51.773140	52.156473	76
52.043973	52.277306	52
52.054390	52.858556	71
52.298140	52.381473	59
52.566890	52.748140	64
52.848140	52.979390	68
53.121056	53.421056	71
53.393973	53.673140	69
53.658556	53.902306	68
53.912723	53.962723	66
53.923140	53.987723	51
54.179390	54.231473	54
54.189806	54.248140	59
54.441890	54.498140	71
54.441890	54.512723	47
54.729390	54.787723	54
54.735640	54.800223	59
54.975223	55.041890	51
54.979390	55.085640	66
55.252306	55.306473	54
55.266890	55.318973	59
55.289806	55.368973	66
55.393973	55.518973	68
55.496056	55.806473	66
55.539806	55.768973	51
55.787723	55.943973	64
55.796056	55.846056	54
55.800223	55.854390	59
55.929390	56.050223	63
56.098140	56.391890	64
56.100223	56.456473	52
56.362723	56.454390	56
56.362723	56.516890	68
56.529390	56.579390	71
56.543973	56.612723	59
56.683556	56.727306	64
56.683556	56.731473	76
56.816890	56.960640	80
56.825223	56.960640	68
56.962723	57.093973	83
56.968973	57.152306	71
57.102306	57.289806	80
57.121056	57.204390	76
57.258556	57.331473	88
57.296056	57.343973	76
57.848140	58.110640	71
58.237723	58.681473	81
58.756473	58.891890	83
58.933556	59.075223	85
58.943973	59.029390	81
58.958556	59.610640	69
59.208556	59.914806	85
59.214806	59.960640	81
59.439806	59.616890	73
59.702306	59.856473	76
59.948140	60.258556	73
60.289806	60.618973	76
60.327306	60.683556	88
60.631473	61.000223	73
60.648140	61.085640	87
61.106473	61.293973	85
61.325223	61.948140	66
61.337723	61.675223	88
61.646056	62.493973	81
61.660640	61.966890	69
61.937723	62.008556	73
62.173140	62.231473	78
62.446056	62.654390	73
62.696056	62.939806	81
62.948140	63.300223	80
62.971056	63.021056	69
63.312723	63.425223	78
63.479390	63.762723	62
63.489806	63.798140	85
63.739806	63.904390	66
63.746056	64.041890	78
63.977306	64.123140	69
64.210640	64.277306	74
64.437723	64.552306	66
64.652306	64.810640	69
64.664806	64.910640	74
64.910640	65.081473	66
64.918973	65.187723	78
65.156473	65.427306	76
65.406473	66.208556	74
65.416890	66.200223	59
65.691890	65.998140	63
65.948140	66.239806	66
66.200223	66.285640	71
66.456473	66.983556	75
66.989806	67.073140	71
66.998140	67.077306	66
67.004390	67.127306	63
67.012723	67.341890	76
67.329390	67.633556	78
67.683556	67.937723	80
67.683556	68.283556	52
67.685640	67.825223	76
67.960640	68.387723	76
67.968973	68.271056	71
68.193973	68.341890	59
68.412723	68.464806	64
68.656473	69.187723	68
68.877306	69.102306	71
69.125223	69.310640	76
69.343973	69.421056	78
69.462723	69.571056	71
69.537723	69.710640	76
69.579390	69.889806	64
69.623140	69.833556	80
69.877306	70.041890	68
69.885640	70.152306	76
70.108556	70.189806	71
70.314806	70.375223	68
70.575223	70.635640	71
70.779390	70.987723	71
71.031473	71.233556	76
71.250223	71.527306	78
71.512723	72.118973	57
71.539806	72.060640	80
71.546056	71.956473	71
71.789806	72.035640	64
72.004390	72.100223	69
72.014806	72.254390	78
72.233556	72.289806	64
72.248140	72.546056	76
72.512723	73.156473	80
72.518973	73.164806	71
72.539806	72.864806	69
72.546056	73.377306	57
72.791890	73.089806	64
73.064806	73.348140	69
73.073140	73.391890	78
73.371056	73.441890	64
73.377306	73.733556	76
73.648140	75.629390	59
73.721056	74.110640	83
73.998140	74.185640	63
74.252306	74.441890	66
74.264806	75.221056	76
74.541890	74.971056	71
74.918973	75.262723	75
75.568973	75.833556	81
75.848140	76.108556	83
76.137723	78.189806	57
76.156473	76.604390	81
76.162723	76.575223	85
76.162723	76.591890	73
76.454390	76.954390	64
76.691890	77.012723	69
76.943973	77.135640	85
76.956473	77.123140	73
76.964806	77.131473	81
77.233556	77.435640	85
77.239806	77.379390	73
77.239806	77.406473	81
77.537723	78.227306	69
77.823140	77.929390	75
77.823140	77.964806	87
78.152306	78.306473	88
78.166890	78.268973	76
78.487723	79.041890	88
78.493973	78.781473	56
78.508556	78.771056	76
78.789806	79.021056	64
79.033556	79.127306	71
79.037723	79.550223	83
79.048140	79.341890	76
79.291890	79.556473	64
79.585640	79.877306	80
79.600223	79.800223	76
79.881473	80.096056	71
80.158556	80.814806	76
80.414806	80.591890	64
80.733556	81.598140	59
80.746056	81.327306	78
81.041890	81.516890	63
81.300223	81.777306	76
81.562723	81.768973	66
81.846056	82.087723	78
81.856473	82.123140	75
82.098140	82.223140	73
82.404390	82.981473	71
82.418973	82.668973	59
82.421056	83.033556	78
82.756473	82.814806	63
83.166890	83.739806	52
83.271056	83.610640	76
83.593973	83.777306	59
83.704390	83.764806	64
83.829390	83.937723	69
83.964806	84.087723	71
84.085640	84.196056	69
84.208556	84.377306	71
84.414806	84.971056	68
84.416890	85.179390	64
84.437723	85.268973	52
84.462723	85.204390	59
85.652306	87.281473	45
85.677306	86.275223	73
85.679390	86.198140	69
85.966890	87.308556	52
86.216890	87.241890	57
86.468973	86.696056	61
86.777306	87.325223	73
86.789806	87.396056	69
87.750223	88.000223	64
87.814806	87.889806	68
87.829390	88.152306	40
87.831473	87.973140	71
87.877306	88.179390	76
88.131473	88.308556	71
88.193973	88.391890	47
88.408556	88.566890	68
88.425223	88.510640	52
88.652306	88.700223	56
88.660640	88.796056	64
88.973140	89.506473	68
88.985640	89.458556	64
89.946056	91.412723	47
90.252306	91.364806	54
90.533556	91.333556	59
90.785640	91.098140	63
91.098140	91.683556	66
91.106473	91.677306	71
92.246056	95.627306	40
92.810640	95.543973	47
93.110640	95.575223	52
93.364806	93.583556	59
93.637723	93.839806	64
93.900223	94.000223	68
94.152306	94.496056	71
94.452306	94.902306	76
95.110640	95.466890	88
