1.741470	2.068553	64
1.762303	2.133136	52
2.087303	2.356053	59
2.389386	2.599803	64
2.391470	2.606053	55
2.693553	2.926886	59
3.012303	3.353970	52
3.016470	3.303970	64
3.328970	3.597720	59
3.641470	3.876886	64
3.651886	3.845636	55
3.962303	4.160220	59
4.253970	4.585220	62
4.253970	4.801886	50
4.578970	4.872720	59
4.878970	5.049803	62
4.887303	5.064386	55
5.197720	5.474803	59
5.503970	5.801886	62
5.512303	5.862303	50
5.824803	6.083136	59
6.135220	6.349803	62
6.141470	6.324803	55
6.451886	6.666470	59
6.743553	7.062303	62
6.751886	7.135220	50
7.085220	7.343553	59
7.368553	7.553970	62
7.368553	7.574803	54
7.676886	7.903970	59
7.972720	8.233136	62
7.987303	8.295636	50
8.299803	8.549803	59
8.597720	8.781053	54
8.601886	8.793553	62
8.906053	9.120636	59
9.195636	9.489386	62
9.212303	9.556053	50
9.497720	9.768553	57
9.801886	10.070636	62
9.806053	10.031053	54
10.114386	10.364386	57
10.435220	10.720636	62
10.437303	10.778970	50
10.762303	11.003970	57
11.110220	11.187303	54
11.124803	11.258136	62
11.826886	12.178970	64
11.831053	12.447720	52
12.164386	12.441470	59
12.456053	12.768553	64
12.470636	12.639386	55
12.470636	14.985220	71
12.783136	13.033136	59
13.062303	13.362303	64
13.072720	13.378970	52
13.370636	13.647720	59
13.666470	13.866470	64
13.678970	13.878970	55
13.978970	14.256053	59
14.287303	14.599803	62
14.301886	14.697720	50
14.612303	14.893553	59
14.891470	15.143553	62
14.912303	15.112303	55
14.926886	15.889386	76
15.237303	15.520636	59
15.524803	15.820636	62
15.551886	15.870636	50
15.835220	16.124803	59
15.851886	17.962303	74
16.145636	16.362303	62
16.170636	16.335220	55
16.449803	16.618553	59
16.737303	17.045636	62
16.747720	17.106053	50
17.058136	17.314386	59
17.335220	17.612303	62
17.347720	17.547720	54
17.662303	17.895636	59
17.949803	18.218553	62
17.960220	18.231053	50
17.970636	19.547720	69
18.266470	18.489386	54
18.266470	19.499803	81
18.564386	18.785220	62
18.856053	19.049803	59
19.139386	19.431053	62
19.151886	19.489386	50
19.447720	19.708136	57
19.735220	20.010220	62
19.745636	21.089386	69
19.749803	21.118553	74
19.756053	19.849803	54
20.043553	20.312303	57
20.349803	21.037303	62
20.374803	20.968553	50
21.622720	21.935220	64
21.643553	22.024803	52
21.918553	22.066470	67
21.941470	22.178970	59
22.060220	22.233136	66
22.231053	22.443553	64
22.235220	22.378970	55
22.235220	22.389386	67
22.506053	22.701886	59
22.514386	22.656053	71
22.660220	22.847720	72
22.793553	23.120636	64
22.793553	23.185220	52
22.833136	23.968553	71
23.124803	23.343553	59
23.406053	23.606053	64
23.431053	23.622720	55
23.739386	23.999803	59
24.006053	24.310220	62
24.022720	24.341470	50
24.297720	24.453970	66
24.306053	24.526886	59
24.431053	24.576886	67
24.578970	24.801886	66
24.601886	24.793553	62
24.610220	24.774803	55
24.866470	25.014386	67
24.872720	25.081053	59
25.010220	25.210220	69
25.166470	25.518553	62
25.181053	25.478970	50
25.189386	26.468553	67
25.485220	25.539386	55
25.549803	25.801886	59
25.783136	26.020636	62
25.843553	25.999803	55
26.070636	26.260220	59
26.360220	26.610220	62
26.370636	26.710220	50
26.653970	26.801886	66
26.658136	26.887303	59
26.783136	26.939386	67
26.937303	27.149803	62
26.941470	27.124803	66
26.945636	27.133136	54
27.235220	27.345636	59
27.239386	27.378970	71
27.381053	27.518553	72
27.516470	27.845636	62
27.535220	28.089386	50
27.535220	28.699803	71
27.837303	28.135220	59
28.114386	28.324803	62
28.120636	28.303970	54
28.416470	28.531053	59
28.708136	28.983136	62
28.710220	29.049803	50
28.999803	29.145636	66
28.999803	29.256053	57
29.156053	29.316470	64
29.291470	29.616470	62
29.293553	29.568553	54
29.306053	31.174803	66
29.589386	29.908136	57
29.899803	30.224803	62
29.914386	30.293553	50
30.220636	30.478970	57
30.520636	30.726886	54
30.524803	30.766470	62
30.849803	30.920636	57
31.218553	31.558136	64
31.224803	31.649803	52
31.537303	31.672720	67
31.558136	31.753970	59
31.683136	31.847720	66
31.837303	31.970636	67
31.851886	32.028970	64
31.862303	31.968553	55
32.139386	32.289386	59
32.139386	32.293553	71
32.293553	32.489386	72
32.458136	32.568553	71
32.464386	32.885220	52
32.476886	32.758136	64
32.766470	32.910220	79
32.766470	32.997720	59
32.918553	33.064386	78
33.070636	33.237303	79
33.076886	33.281053	64
33.097720	33.214386	55
33.220636	33.389386	81
33.381053	33.708136	83
33.397720	33.514386	59
33.414386	33.481053	64
33.693553	33.983136	62
33.693553	34.166470	50
34.003970	34.151886	78
34.012303	34.226886	59
34.153970	34.345636	76
34.316470	34.543553	62
34.337303	34.485220	55
34.343553	34.535220	78
34.643553	34.837303	59
34.647720	34.787303	79
34.789386	34.956053	81
34.941470	35.195636	62
34.945636	35.299803	50
34.947720	35.058136	79
35.258136	35.501886	59
35.262303	35.399803	83
35.418553	35.591470	84
35.568553	35.741470	83
35.570636	35.760220	62
35.591470	35.766470	55
35.743553	35.941470	81
35.889386	35.953970	59
35.918553	36.201886	79
36.189386	36.493553	62
36.199803	36.543553	50
36.493553	36.758136	57
36.501886	36.643553	78
36.660220	36.806053	76
36.812303	37.035220	54
36.814386	37.070636	62
36.822720	37.164386	78
37.122720	37.358136	57
37.164386	37.308136	79
37.303970	37.478970	81
37.462303	37.803970	62
37.470636	38.614386	79
37.474803	37.931053	50
37.801886	38.014386	57
38.089386	38.272720	62
38.089386	38.276886	54
38.393553	38.595636	57
38.693553	39.014386	62
38.726886	39.074803	50
38.985220	39.062303	66
39.003970	39.203970	57
39.137303	39.231053	64
39.289386	39.545636	66
39.299803	39.378970	62
39.299803	39.391470	54
39.583136	39.666470	57
39.583136	39.903970	64
39.887303	40.347720	50
39.910220	40.199803	62
40.208136	40.447720	57
40.499803	40.733136	54
40.522720	40.741470	62
40.814386	40.891470	57
41.101886	41.399803	64
41.110220	41.581053	52
41.110220	41.843553	76
41.418553	41.676886	59
41.693553	41.866470	64
41.728970	41.824803	55
41.985220	42.047720	71
42.026886	42.133136	59
42.314386	42.653970	52
42.320636	42.549803	64
42.578970	43.149803	83
42.597720	42.831053	59
42.626886	43.208136	91
42.893553	43.093553	64
42.906053	43.074803	55
43.183136	43.497720	88
43.195636	43.397720	59
43.195636	43.547720	79
43.506053	43.799803	62
43.508136	44.133136	50
43.808136	44.058136	59
44.091470	44.339386	62
44.116470	44.283136	55
44.389386	44.543553	71
44.397720	44.578970	59
44.539386	44.931053	67
44.714386	45.010220	62
44.724803	45.233136	50
45.006053	45.243553	59
45.297720	45.516470	62
45.299803	45.506053	55
45.610220	45.778970	59
45.887303	46.162303	62
45.891470	46.333136	50
46.166470	46.399803	59
46.170636	46.814386	78
46.458136	46.643553	62
46.468553	46.578970	54
46.753970	47.066470	59
46.756053	47.270636	71
47.089386	47.364386	62
47.099803	47.578970	50
47.393553	47.643553	59
47.697720	47.997720	90
47.699803	47.891470	62
47.706053	47.872720	54
47.991470	48.051886	59
47.999803	48.056053	83
48.297720	48.639386	62
48.299803	48.762303	50
48.299803	48.939386	90
48.308136	49.031053	81
48.318553	49.045636	86
48.624803	48.883136	57
48.916470	49.124803	62
48.920636	49.095636	54
49.187303	49.428970	57
49.201886	49.664386	85
49.201886	49.693553	88
49.516470	49.724803	62
49.520636	49.806053	50
49.793553	49.931053	57
49.803970	50.676886	86
49.820636	50.268553	81
50.101886	50.276886	62
50.110220	50.187303	54
50.376886	50.437303	57
50.699803	50.993553	64
50.706053	51.062303	52
50.972720	51.581053	91
50.978970	51.622720	83
51.001886	51.203970	59
51.293553	51.481053	64
51.301886	51.449803	55
51.581053	51.808136	59
51.597720	51.822720	88
51.606053	51.889386	79
51.916470	52.314386	52
51.931053	52.174803	64
52.218553	52.518553	67
52.222720	52.428970	59
52.495636	52.795636	66
52.503970	52.631053	64
52.520636	52.649803	55
52.803970	52.966470	64
52.806053	53.006053	59
53.114386	53.349803	62
53.118553	53.778970	50
53.422720	53.699803	59
53.737303	53.991470	62
53.768553	53.949803	55
54.039386	54.224803	59
54.051886	54.195636	91
54.078970	54.208136	83
54.197720	54.476886	79
54.201886	54.512303	86
54.364386	54.643553	62
54.372720	55.099803	50
54.656053	54.903970	59
54.960220	55.135220	62
54.987303	55.089386	55
55.097720	55.262303	71
55.235220	55.410220	69
55.289386	55.351886	59
55.393553	55.635220	67
55.558136	55.837303	62
55.566470	55.931053	50
55.843553	56.083136	59
56.135220	56.322720	62
56.143553	56.283136	54
56.401886	56.578970	59
56.412303	56.558136	90
56.422720	56.593553	83
56.549803	56.843553	78
56.570636	56.793553	86
56.706053	56.995636	62
56.712303	57.351886	50
56.997720	57.264386	59
57.301886	57.901886	71
57.306053	57.516470	62
57.312303	57.483136	54
57.601886	57.676886	59
57.876886	58.239386	62
57.889386	58.370636	50
57.899803	58.831053	69
58.222720	58.541470	57
58.537303	58.610220	62
58.543553	58.614386	54
58.835220	59.003970	57
59.151886	59.766470	50
59.168553	59.933136	62
60.353970	60.660220	64
60.372720	60.878970	52
60.649803	60.756053	67
60.670636	60.776886	59
60.797720	60.920636	71
60.939386	61.068553	79
60.962303	61.066470	64
60.974803	61.060220	55
61.095636	61.216470	67
61.241470	61.393553	71
61.266470	61.345636	59
61.393553	61.714386	79
61.397720	61.793553	76
61.547720	61.818553	64
61.553970	62.024803	52
61.845636	62.043553	59
62.112303	62.301886	64
62.118553	62.614386	79
62.133136	62.297720	55
62.135220	62.335220	76
62.428970	62.481053	59
62.718553	63.183136	48
62.808136	63.139386	60
63.012303	63.164386	67
63.099803	63.189386	55
63.156053	63.281053	71
63.303970	63.489386	79
63.303970	63.501886	76
63.320636	63.460220	60
63.341470	63.414386	52
63.474803	63.618553	67
63.599803	63.814386	55
63.610220	63.756053	71
63.764386	64.276886	76
63.774803	64.287303	79
63.916470	64.160220	60
63.916470	64.335220	48
64.197720	64.441470	55
64.508136	64.695636	60
64.524803	64.628970	52
64.531053	65.328970	76
64.531053	65.437303	79
64.810220	64.868553	55
65.131053	65.435220	67
65.131053	65.633136	55
65.439386	65.649803	62
65.720636	65.847720	67
65.724803	65.941470	79
65.733136	65.937303	74
65.739386	65.828970	59
65.997720	66.081053	71
66.020636	66.093553	62
66.139386	66.356053	74
66.147720	66.414386	79
66.295636	66.497720	67
66.299803	66.660220	55
66.439386	66.549803	71
66.562303	66.658136	74
66.578970	66.697720	79
66.595636	66.674803	62
66.843553	67.176886	79
66.849803	67.031053	67
66.849803	67.112303	74
66.887303	66.966470	59
67.131053	67.203970	71
67.181053	67.243553	62
67.451886	67.856053	81
67.460220	67.772720	69
67.468553	67.735220	66
67.481053	67.797720	54
67.766470	67.968553	62
68.024803	68.253970	66
68.353970	69.258136	74
68.358136	69.170636	69
68.366470	68.487303	62
68.633136	68.812303	66
68.645636	68.833136	54
68.924803	69.097720	62
69.206053	69.351886	66
69.241470	69.381053	57
69.528970	69.576886	62
69.849803	70.283136	52
69.866470	70.160220	64
70.016470	70.191470	71
70.181053	70.383136	76
70.183136	70.393553	59
70.333136	70.647720	83
70.508136	70.670636	64
70.512303	70.662303	55
70.658136	70.801886	71
70.818553	70.966470	59
70.818553	70.970636	76
70.964386	71.020636	83
70.989386	71.039386	79
71.120636	71.472720	83
71.122720	71.468553	79
71.141470	71.408136	64
71.141470	71.512303	52
71.435220	71.626886	59
71.714386	71.991470	83
71.720636	71.947720	64
71.720636	72.337303	79
71.724803	71.908136	55
71.731053	72.003970	71
72.028970	72.091470	59
72.316470	72.653970	60
72.331053	72.881053	48
72.476886	72.618553	72
72.637303	72.756053	76
72.637303	72.876886	55
72.791470	73.049803	79
72.791470	73.072720	84
72.956053	73.124803	60
72.966470	73.110220	52
73.118553	73.243553	72
73.247720	73.370636	76
73.264386	73.393553	55
73.376886	73.451886	79
73.387303	73.439386	84
73.543553	73.787563	84
73.552147	73.816470	79
73.570636	73.824803	60
73.572720	74.160220	48
73.853970	74.124803	55
74.147720	74.239386	86
74.147720	74.351886	60
74.156053	74.233136	74
74.160220	74.301886	52
74.451886	74.539386	72
74.451886	74.541470	84
74.456053	74.499803	55
74.768553	75.247720	55
74.943553	75.016470	67
74.956053	75.041470	71
75.097720	75.260220	74
75.168553	75.322720	62
75.283136	75.347720	79
75.291470	75.345636	83
75.447720	75.572720	67
75.447720	75.622720	83
75.456053	75.599803	79
75.466470	75.539386	59
75.635220	75.766470	71
75.774803	75.891470	74
75.774803	75.914386	62
75.933136	75.993553	79
75.933136	75.997720	83
76.095636	76.420636	83
76.103970	76.431053	79
76.108136	76.414386	67
76.114386	76.545636	55
76.401886	76.553970	71
76.416470	76.641470	62
76.708136	77.006053	83
76.712303	76.935220	67
76.728970	76.803970	79
76.733136	76.845636	59
76.866470	77.058136	81
77.031053	77.131053	79
77.051886	77.112303	62
77.364386	77.756053	81
77.383136	77.693553	66
77.387303	78.003970	54
77.391470	77.639386	69
77.703970	77.974803	62
77.987303	78.193553	66
78.001886	78.241470	69
78.008136	78.299803	74
78.049803	78.156053	57
78.343553	78.441470	62
78.687303	79.231053	66
78.728970	79.170636	54
78.728970	79.270636	69
78.733136	79.166470	57
78.739386	79.422720	74
79.924803	80.047720	83
79.924803	80.247720	76
79.939386	80.291470	64
80.097720	80.264386	88
80.243553	80.381053	95
80.256053	80.468553	71
80.410220	80.514386	83
80.553970	80.724803	67
80.562303	80.728970	88
80.564386	80.751886	76
80.720636	80.874803	95
80.881053	80.987303	71
80.893553	80.995636	83
81.045636	81.206053	88
81.197720	81.589386	95
81.203970	82.070636	76
81.206053	82.047720	64
81.849803	81.960220	83
82.014386	82.139386	88
82.158136	82.276886	84
82.306053	82.408136	88
82.472720	82.591470	83
82.472720	82.924803	62
82.485220	82.768553	74
82.628970	82.799803	88
82.785220	82.931053	95
82.789386	83.056053	71
82.953970	83.062303	83
83.091470	83.262303	88
83.091470	83.316470	74
83.099803	83.231053	67
83.256053	83.397720	95
83.383136	83.603970	71
83.403970	83.543553	83
83.551886	83.749803	88
83.733136	84.487303	74
83.741470	84.418553	62
83.756053	84.006053	95
84.312303	84.443553	83
84.478970	84.581053	88
84.633136	84.733136	81
84.783136	84.837303	88
84.926886	85.264386	74
84.926886	85.391470	62
84.993553	85.153970	78
85.143553	85.306053	83
85.287303	85.447720	90
85.318553	85.574803	71
85.451886	85.631053	78
85.614386	85.806053	83
85.620636	85.753970	66
85.626886	85.824803	74
85.783136	85.945636	90
85.914386	86.087303	71
85.935220	86.051886	78
86.085220	86.297720	83
86.247720	86.510220	90
86.247720	86.995636	62
86.247720	87.012303	74
86.870636	87.033136	78
87.037303	87.170636	83
87.181053	87.287303	79
87.353970	87.418553	83
87.497720	87.637303	81
87.497720	87.883136	62
87.503970	87.818553	74
87.651886	87.812303	86
87.795636	87.941470	93
87.808136	88.064386	69
87.958136	88.099803	81
88.112303	88.320636	86
88.116470	88.237303	66
88.116470	88.331053	74
88.281053	88.462303	93
88.422720	88.606053	69
88.428970	88.578970	81
88.576886	88.820636	86
88.776886	89.551886	74
88.785220	89.445636	62
88.801886	89.076886	93
89.414386	89.578970	81
89.578970	89.693553	86
89.733136	89.849803	79
89.899803	89.985220	86
90.053970	90.164386	83
90.053970	90.385220	76
90.091470	90.487303	64
90.195636	90.358136	88
90.356053	90.516470	95
90.378970	90.666470	71
90.522720	90.624803	83
90.664386	90.847720	88
90.670636	90.853970	67
90.670636	90.872720	76
90.831053	90.989386	95
90.947720	91.137303	71
90.997720	91.158136	83
91.145636	91.339386	88
91.320636	92.103970	64
91.324803	92.101886	76
91.341470	91.522720	95
91.953970	92.072720	83
92.116470	92.251886	88
92.256053	92.399803	84
92.418553	92.545636	88
92.574803	92.703970	83
92.574803	93.033136	62
92.585220	92.935220	74
92.741470	92.912303	88
92.895636	93.043553	95
92.908136	93.231053	71
93.062303	93.183136	83
93.197720	93.393553	88
93.216470	93.456053	74
93.226886	93.408136	67
93.364386	93.526886	95
93.520636	93.666470	83
93.524803	93.797720	71
93.670636	93.878970	88
93.864386	94.047720	95
93.866470	94.828970	74
93.872720	94.793553	62
94.514386	94.649803	83
94.676886	94.820636	88
94.826886	94.943553	81
94.989386	95.068553	88
95.137303	95.822720	62
95.145636	95.583136	74
95.178970	95.337303	78
95.437303	95.622720	83
95.560220	95.939386	71
95.595636	95.766470	90
95.758136	95.895636	78
95.931053	96.108136	83
95.937303	96.126886	74
95.937303	96.128970	66
96.110220	96.270636	90
96.264386	96.449803	78
96.293553	96.526886	71
96.464386	96.737303	83
96.703970	97.503970	62
96.708136	97.524803	74
96.720636	97.485220	90
97.389386	97.514386	78
97.553970	97.622720	83
97.691470	97.762303	79
97.841470	97.897720	83
97.999803	98.070636	81
98.001886	98.056053	74
98.006053	98.058136	62
98.162303	98.293553	86
98.303970	98.445636	93
98.322720	98.393553	69
98.476886	98.562303	81
98.631053	98.683136	66
98.631053	98.776886	86
98.635220	98.685220	74
98.803970	99.008136	93
99.001886	99.110220	74
99.001886	99.116470	81
99.039386	99.112303	62
99.199803	99.399803	86
99.418553	99.678970	93
99.418553	99.956053	62
99.420636	99.885220	74
99.431053	99.708136	81
100.264386	101.001886	62
101.074803	101.495636	52
101.078970	101.447720	59
101.401886	101.543553	71
101.428970	101.501886	67
101.570636	101.626886	64
101.735220	101.787303	71
101.753970	101.810220	67
101.922720	102.039386	64
102.076886	102.228970	59
102.245636	102.301886	52
102.412303	102.676886	71
102.424803	102.724803	67
102.456053	102.722720	52
102.751886	102.887303	59
102.916470	103.151886	71
102.924803	103.270636	67
103.070636	103.239386	52
103.239386	103.345636	59
103.414386	103.545636	66
103.420636	103.760220	69
103.731053	103.881053	36
103.758136	104.099803	71
103.764386	104.120636	67
104.101886	104.520636	48
104.245636	104.383136	71
104.247720	104.385220	67
104.418553	104.547720	60
104.570636	104.703970	55
104.731053	104.839386	64
104.881053	105.006053	66
104.893553	104.956053	60
104.910220	104.970636	52
105.041470	105.420636	67
105.049803	105.410220	64
105.074803	105.406053	60
105.137303	105.926886	48
105.389386	105.568553	55
105.560220	105.985220	67
105.566470	105.760220	64
105.718553	105.843553	60
105.731053	105.843553	52
105.891470	105.993553	55
106.043553	106.335220	66
106.056053	106.401886	69
106.387303	106.735220	67
106.387303	107.218553	43
106.395636	106.728970	55
106.401886	106.687303	62
106.720636	106.891470	50
106.893553	106.999803	62
106.899803	106.962303	59
107.064386	107.212303	55
107.222720	107.351886	50
107.408136	107.466470	62
107.412303	107.468553	59
107.760220	108.099803	55
107.760220	108.783136	43
107.768553	108.145636	62
107.776886	108.172720	59
108.112303	108.395636	50
108.464386	108.685220	55
108.464386	108.801886	62
108.470636	108.776886	59
108.824803	108.908136	50
109.133136	110.041470	47
109.149803	109.466470	66
109.149803	109.472720	62
109.166470	109.476886	59
109.460220	109.583136	54
109.635220	109.806053	62
109.651886	109.785220	59
109.826886	109.891470	54
110.008136	110.089386	54
110.178970	110.314386	62
110.197720	110.264386	59
110.520636	110.789386	62
110.535220	111.237303	47
110.541470	110.651886	54
110.545636	110.835220	59
110.889386	110.943553	54
111.193553	111.420636	66
111.199803	111.370636	62
111.206053	111.399803	59
111.737303	112.224803	59
111.801886	112.133136	62
111.816470	112.685220	43
111.822720	112.164386	55
111.858136	112.206053	66
112.181053	112.303970	50
112.320636	112.653970	67
112.331053	112.595636	59
112.358136	112.553970	62
112.493553	112.643553	55
112.639386	112.801886	50
112.814386	112.908136	66
112.828970	112.881053	59
112.833136	112.881053	62
113.162303	113.343553	66
113.170636	113.991470	43
113.174803	113.426886	55
113.174803	113.470636	62
113.174803	113.487303	59
113.470636	113.631053	50
113.639386	114.024803	69
113.651886	113.753970	59
113.801886	113.983136	55
113.966470	114.112303	50
114.108136	114.220636	66
114.170636	114.231053	62
114.414386	114.745636	66
114.431053	114.724803	62
114.431053	114.801886	57
114.437303	114.733136	54
114.437303	115.178970	42
114.751886	114.976886	50
114.899803	115.191470	69
114.906053	115.043553	57
114.914386	115.139386	62
115.062303	115.218553	54
115.222720	115.353970	50
115.370636	115.414386	57
115.370636	115.439386	66
115.633136	116.385220	42
115.637303	116.018553	62
115.699803	116.014386	66
115.712303	116.072720	54
115.716470	116.031053	69
115.756053	116.153970	74
116.058136	116.299803	50
116.347720	116.528970	69
116.356053	116.431053	54
116.372720	116.458136	66
116.372720	116.468553	62
116.993553	117.320636	41
117.037303	117.291470	65
117.043553	117.368553	62
117.322720	117.539386	50
117.474803	117.545636	57
117.639386	117.989386	64
117.962303	118.089386	62
118.291470	118.599803	43
118.326886	118.731053	65
118.335220	118.683136	62
118.641470	119.068553	50
118.816470	119.087303	53
118.991470	119.356053	64
119.358136	119.845636	62
119.747720	120.806053	52
119.793553	120.189386	64
119.793553	120.191470	68
120.162303	120.226886	59
120.497720	120.685220	64
120.514386	120.733136	62
120.853970	120.910220	56
121.206053	121.556053	64
121.214386	121.541470	62
121.543553	122.153970	52
121.556053	121.764386	59
121.891470	122.268553	64
121.897720	122.228970	62
122.212303	122.281053	59
122.216470	122.272720	56
122.578970	122.814386	59
122.581053	122.974803	52
122.581053	122.974803	64
122.581053	122.978970	62
122.587303	122.766470	55
122.928970	122.991470	59
122.935220	122.997720	55
123.253970	123.497720	64
123.260220	123.493553	62
123.514386	123.845636	52
123.539386	123.793553	59
123.885220	124.460220	64
123.893553	124.481053	62
124.591470	124.789386	64
124.603970	124.720636	52
124.603970	124.808136	62
124.612303	124.703970	59
124.618553	124.691470	55
125.478970	125.706053	55
125.478970	125.749803	64
125.487303	125.699803	60
125.487303	126.964386	48
125.506053	125.783136	52
125.889386	126.122720	55
126.191470	126.426886	52
126.201886	126.462303	60
126.218553	126.566470	71
126.508136	126.870636	55
126.851886	127.128970	52
126.851886	127.158136	71
126.858136	127.076886	60
127.160220	127.533136	55
127.462303	127.901886	71
127.485220	127.643553	60
127.514386	127.678970	52
127.787303	127.831053	55
128.091470	128.649803	55
128.128970	128.518553	71
128.422720	128.751886	59
128.733136	128.943553	62
128.739386	129.070636	71
129.039386	129.349803	59
129.387303	129.641470	67
129.393553	129.628970	62
129.403970	129.797720	71
129.714386	129.985220	59
130.039386	130.135220	67
130.045636	130.214386	62
130.093553	130.262303	71
130.237303	130.401886	69
130.391470	130.441470	59
130.397720	130.668553	67
130.708136	131.101886	54
130.712303	131.099803	69
130.751886	131.097720	62
131.051886	131.260220	57
131.416470	131.656053	62
131.693553	131.985220	57
132.018553	132.474803	62
132.628970	132.910220	62
132.922720	133.081053	57
133.228970	134.083136	54
133.270636	133.499803	69
133.574803	133.837303	62
133.583136	133.883136	57
133.887303	134.114386	69
133.889386	134.106053	66
134.201886	134.283136	71
134.222720	134.289386	62
134.370636	134.526886	69
134.443553	134.589386	71
134.522720	134.787303	54
134.522720	134.858136	72
134.535220	134.728970	66
134.839386	135.137303	71
135.133136	135.189386	62
135.137303	135.224803	57
135.143553	135.316470	69
135.447720	135.666470	71
135.601886	136.197720	67
135.768553	136.145636	64
135.774803	136.535220	52
136.101886	136.424803	59
136.431053	137.085220	67
136.474803	136.635220	55
136.474803	136.639386	64
136.714386	136.887303	59
137.068553	137.933136	52
137.078970	137.547720	79
137.078970	137.864386	76
137.089386	137.389386	64
137.383136	137.683136	59
137.703970	137.968553	55
137.703970	137.976886	64
138.020636	138.295636	78
138.022720	138.072720	59
138.031053	138.222720	74
138.337303	139.158136	48
138.360220	138.506053	76
138.360220	138.520636	79
138.689386	138.964386	60
138.703970	138.939386	52
139.001886	139.274803	55
139.310220	139.466470	52
139.320636	139.412303	76
139.320636	139.470636	79
139.324803	139.458136	60
139.485220	139.574803	78
139.485220	139.662303	81
139.651886	139.976886	79
139.660220	140.043553	76
139.672720	139.903970	60
139.672720	140.570636	48
139.981053	140.260220	55
140.299803	140.639386	78
140.316470	140.535220	60
140.343553	140.528970	52
140.643553	141.006053	79
140.649803	140.699803	55
140.987303	141.720636	76
141.326886	143.297720	57
141.643553	142.108397	74
141.658136	142.006053	62
141.947720	142.293553	66
142.278970	142.597720	69
142.295636	142.899803	74
142.616470	142.899803	66
142.962303	143.358136	69
142.968553	143.287303	62
142.985220	144.191470	74
143.343553	143.551886	66
143.712303	144.810220	57
143.724803	144.095636	69
144.053970	144.451886	66
144.387303	144.751886	69
144.408136	144.741470	74
144.445636	144.770636	62
144.741470	145.145636	66
145.099803	145.347720	69
145.114386	145.497720	74
145.426886	145.620636	66
145.947720	146.541470	74
145.951886	146.114386	62
146.456053	146.522720	62
147.003970	148.931053	52
147.101886	147.362303	76
147.418553	147.595636	59
147.524803	147.633136	64
147.601886	147.695636	67
147.683136	147.785220	71
147.812303	147.864386	76
147.951886	148.235220	79
148.158136	148.449803	83
148.439386	148.483136	79
148.439386	148.493553	88
