3.270390	3.347474	48
3.728724	3.784974	55
3.745390	3.797474	64
3.753724	3.807890	60
4.180807	4.228724	64
4.184974	4.259974	55
4.207890	4.259974	60
4.597474	4.659974	48
4.993307	5.074557	55
5.005807	5.068307	60
5.012057	5.070390	64
5.401640	5.493307	55
5.414140	5.462057	64
5.430807	5.482890	60
5.766224	5.837057	48
6.132890	6.212057	64
6.137057	6.224557	55
6.147474	6.209974	60
6.501640	6.545390	64
6.503724	6.582890	55
6.528724	6.589140	60
6.889140	6.943307	43
7.364140	7.495390	57
7.366224	7.501640	59
7.366224	7.534974	53
7.964140	8.116224	55
7.968307	8.099557	59
7.976640	8.157890	53
8.666224	9.070390	48
8.716224	9.384974	67
9.097474	9.157890	60
9.468307	9.559974	55
9.478724	9.530807	64
9.497474	9.662057	76
9.837057	9.907890	48
9.870390	10.155807	76
10.230807	10.324557	55
10.237057	10.337057	64
10.249557	10.322474	60
10.391224	10.543307	74
10.564140	10.953724	76
10.574557	10.641224	64
10.587057	10.645390	55
10.603724	10.666224	60
10.901640	11.043307	50
10.947474	11.653724	77
11.312057	11.445390	65
11.314140	11.432890	57
11.339140	11.405807	62
11.649557	11.699557	65
11.649557	11.864140	69
11.659974	11.737057	57
11.674557	11.732890	62
11.976640	12.091224	50
12.055807	12.651640	69
12.378724	12.470390	62
12.397474	12.528724	65
12.414140	12.505807	57
12.749557	12.799557	65
12.755807	12.832890	57
12.770390	12.828724	62
12.912057	13.057890	68
13.093307	13.178724	43
13.097474	13.682890	67
13.470390	13.649557	55
13.472474	13.572474	64
13.476640	13.639140	59
13.828724	13.901640	62
13.828724	13.980807	74
13.828724	13.980807	71
13.839140	13.920390	55
13.847474	13.899557	59
14.195390	14.499557	55
14.218307	14.487057	74
14.220390	14.378724	71
14.557890	14.670390	62
14.574557	14.643307	59
14.724557	14.855807	73
14.905807	14.968307	62
14.905807	15.262057	74
14.909974	14.970390	67
14.937057	15.003724	59
15.218307	15.351640	48
15.268307	16.022474	76
15.609974	15.705807	55
15.618307	15.716224	64
15.624557	15.709974	60
15.970390	16.047474	64
15.970390	16.066224	55
15.987057	16.051640	60
16.328724	16.482890	64
16.332890	16.489140	55
16.345390	16.422474	60
16.684974	17.159974	72
17.053724	17.105807	64
17.053724	17.122474	58
17.066224	17.124557	55
17.239140	17.424557	70
17.447474	17.887057	53
17.453724	17.991224	69
17.774557	17.930807	65
17.795390	17.928724	57
18.114140	18.347474	81
18.126640	18.282890	77
18.137057	18.239140	65
18.174557	18.243307	60
18.472474	18.878724	55
18.491224	18.787057	81
18.499557	18.755807	77
18.832890	18.937057	67
18.841224	18.951640	62
18.843307	19.355807	79
18.853724	19.251640	76
18.868307	18.937057	59
19.172474	19.226640	67
19.193307	19.259974	62
19.214140	19.276640	59
19.345390	19.547474	77
19.380807	19.459974	74
19.512057	19.878724	52
19.557890	19.726640	76
19.864140	19.926640	64
19.872474	19.920390	59
20.039140	20.245390	77
20.182890	20.293307	56
20.234974	20.384974	76
20.393307	20.578724	74
20.553724	21.278724	57
20.576640	20.978724	72
20.945390	21.147474	60
21.280807	21.449557	72
21.312057	21.374557	64
21.457890	21.624557	71
21.653724	22.122474	53
21.664140	22.191224	69
21.997474	22.118307	65
22.018307	22.128724	57
22.024557	22.172474	60
22.178724	22.384974	72
22.366224	22.699557	77
22.376640	22.449557	65
22.399557	22.457890	57
22.399557	22.470390	60
22.741224	23.120390	55
22.745390	23.145390	76
23.084974	23.230807	67
23.109974	23.193307	62
23.114140	23.197474	59
23.199557	23.262057	74
23.274557	23.339140	76
23.347474	23.474557	74
23.412057	23.468307	55
23.453724	23.634974	72
23.634974	23.764140	71
23.793307	23.939140	48
23.809974	24.870390	72
24.205807	24.307890	64
24.209974	24.282890	55
24.230807	24.287057	60
24.580807	24.930807	60
24.593307	24.797474	64
25.014140	25.226640	67
25.030807	25.176640	72
25.049557	25.141224	64
25.384974	25.587057	60
25.759974	25.866224	72
25.768307	25.916224	64
26.095390	26.184974	60
26.137057	26.457890	79
26.468307	26.614140	67
26.480807	26.607890	76
26.491224	26.591224	72
26.803724	26.949557	88
26.812057	26.857890	76
26.816224	26.884974	67
26.834974	26.882890	72
27.116224	27.205807	60
27.157890	27.607890	88
27.470390	27.609974	67
27.476640	27.614140	76
27.495651	27.576640	72
27.651640	27.784974	86
27.822474	27.876640	76
27.822474	27.880807	70
27.832890	27.901640	67
27.841224	28.174557	88
28.151640	28.512057	65
28.172474	28.787057	86
28.505807	28.605807	69
28.512057	28.595390	77
28.532890	28.614140	72
28.841224	28.920390	77
28.851640	28.997474	84
28.868307	28.934974	72
28.882890	28.966224	69
28.999557	29.174557	81
29.174557	29.559974	65
29.174557	30.489140	84
29.512057	29.649557	77
29.528724	29.634974	69
29.537057	29.607890	72
29.878724	30.001640	69
29.887057	29.955807	72
30.241224	30.647474	62
30.595390	30.670390	69
30.755807	30.905807	81
30.937057	31.078724	69
30.951640	31.070390	77
30.957890	31.130807	89
30.980807	31.049557	74
31.124557	31.316224	88
31.316224	31.866224	89
31.326640	31.380807	62
31.647474	31.712057	77
31.649557	31.749557	69
31.668307	31.722474	74
31.826640	32.014140	88
32.005807	32.195390	86
32.007890	32.059974	77
32.028724	32.089140	74
32.193307	32.409974	84
32.339140	32.678724	67
32.391224	32.822474	83
32.695390	32.757890	79
32.724557	32.791224	74
32.739140	32.820390	71
32.866224	33.055807	81
33.037057	33.226640	83
33.066224	33.151640	71
33.072474	33.137057	74
33.197474	33.397474	81
33.387057	33.734974	67
33.397474	34.287057	79
33.764140	33.924557	71
33.768307	33.868307	74
34.130807	34.209974	65
34.518307	34.824557	64
34.882890	35.070390	68
34.903724	35.057890	76
34.914140	35.009974	71
35.059974	35.247474	80
35.234974	35.449557	83
35.278724	35.339140	76
35.284974	35.349557	68
35.299557	35.359974	71
35.420390	35.645390	88
35.597474	35.939140	64
35.616224	35.841224	92
35.843307	35.912057	83
36.016224	36.120390	68
36.026640	36.097474	76
36.026640	36.226640	88
36.037057	36.099557	71
36.207890	36.334974	92
36.397474	36.484974	83
36.401640	36.516224	76
36.420390	36.476640	68
36.432890	36.501640	71
36.682890	36.872474	95
36.949557	37.397474	69
36.955807	37.232890	95
37.359974	37.512057	81
37.382890	37.472474	72
37.389140	37.476640	76
37.553724	37.703724	84
37.730807	37.826640	81
37.739140	37.922474	96
37.759974	37.843307	76
37.768307	37.839140	72
37.905807	38.116224	93
38.091224	38.366224	67
38.097474	38.580807	96
38.472474	38.551640	76
38.484974	38.587057	72
38.620390	38.832890	93
38.784974	38.853724	81
38.820390	38.887057	76
38.820390	39.012057	96
38.993307	39.182890	93
39.187057	39.609974	65
39.195390	39.424557	96
39.380807	39.524557	95
39.516224	39.703724	93
39.543307	39.684974	69
39.545390	39.628724	72
39.687057	39.845390	91
39.864140	39.997474	77
39.872474	40.072474	89
40.039140	40.228724	88
40.216224	40.343307	86
40.253724	40.362057	69
40.266224	40.334974	72
40.349557	40.459974	84
40.468307	40.566224	83
40.539140	40.699557	81
40.582890	40.703724	72
40.620390	40.718307	69
40.668307	40.766224	79
40.774557	40.895390	77
40.841224	40.987057	65
40.882890	41.012057	76
40.995390	41.124557	74
41.141224	41.297474	72
41.268307	41.741224	74
41.416224	42.489140	55
41.751640	41.951640	76
41.855807	42.091224	59
41.959974	42.170390	74
42.162057	42.326640	76
42.328724	42.472474	67
42.328724	42.509974	74
42.341224	42.459974	62
42.501640	42.701640	76
42.693307	43.120390	55
42.695390	43.103724	74
43.087057	43.170390	67
43.105807	43.203724	62
43.109974	43.234974	59
43.480807	43.534974	55
43.489140	43.645390	67
43.818307	43.945390	48
43.874557	44.345390	67
44.230807	44.362057	55
44.243307	44.330807	64
44.255807	44.334974	60
44.424557	44.509974	76
44.428724	44.484974	72
44.603724	44.728724	72
44.607890	44.757890	76
44.991224	45.045390	48
45.012057	45.134974	76
45.024557	45.089140	72
45.345390	45.476640	55
45.349557	45.474557	64
45.374557	45.449557	60
45.514140	45.651640	75
45.526640	45.605807	71
45.720390	45.895390	76
45.720390	45.939140	72
45.757890	45.824557	60
46.072474	46.199557	50
46.120390	46.684974	71
46.122474	46.872474	74
46.472474	46.595390	57
46.472474	46.603724	65
46.484974	46.570390	62
46.822474	46.930807	65
46.830807	46.978724	57
46.847474	46.947474	62
47.007890	47.112057	69
47.180807	47.272474	50
47.184974	48.397474	69
47.534974	47.601640	65
47.534974	47.655807	57
47.549557	47.616224	62
47.905807	47.976640	47
48.282890	48.507890	43
48.689140	48.772474	67
49.018307	49.118307	65
49.037057	49.145390	55
49.049557	49.168307	71
49.049557	49.184974	74
49.084974	49.147474	59
49.414140	49.664140	74
49.430807	49.497474	43
49.439140	49.509974	45
49.453724	49.609974	71
49.770390	49.905807	55
49.787057	49.876640	65
49.953724	50.047474	71
49.962057	50.032890	75
50.122474	50.176640	65
50.132890	50.203724	55
50.132890	50.207890	59
50.170390	50.353724	76
50.172474	50.359974	72
50.472474	50.568307	48
50.507890	50.939140	76
50.518307	50.909974	72
50.866224	51.014140	55
50.876640	50.982890	64
50.887057	51.018307	60
51.212057	51.376640	67
51.580807	51.637057	48
51.614140	52.124557	67
51.968307	52.114140	55
51.974557	52.116224	64
51.987057	52.072474	60
52.345390	52.393307	64
52.345390	52.451640	55
52.368307	52.422474	60
52.722474	52.832890	45
53.066224	53.189140	64
53.082890	53.137057	61
53.087057	53.187057	57
53.222474	53.305807	67
53.222474	53.330807	73
53.230807	53.314140	76
53.416224	53.464140	64
53.416224	53.491224	57
53.420390	53.572474	73
53.424557	53.470390	61
53.424557	53.537317	67
53.424557	53.553724	76
53.753724	53.818307	52
53.774557	54.162057	76
54.120390	54.230807	61
54.126640	54.255807	64
54.139140	54.224557	57
54.430807	54.489140	64
54.434974	54.507890	61
54.441224	54.528724	57
54.722474	55.578724	76
54.789140	55.001640	50
55.224557	55.370390	65
55.224557	55.380807	62
55.237057	55.374557	57
55.584974	55.641224	65
55.587057	56.018307	77
55.605807	55.668307	62
55.609974	55.689140	57
55.945390	56.091224	50
55.991224	56.297474	79
56.359974	56.484974	57
56.374557	56.453724	65
56.382890	56.451640	62
56.387057	56.449557	77
56.443307	56.551640	79
56.518307	56.603724	77
56.670390	56.732890	77
56.684974	56.739140	65
56.689140	56.762057	57
56.705807	56.759974	62
56.741224	56.953724	76
56.930807	57.145390	74
57.149557	57.549557	55
57.153724	58.280807	72
57.518307	57.626640	67
57.537057	57.624557	59
57.555807	57.622474	62
57.893307	57.941224	67
57.912057	57.970390	62
57.924557	57.978724	59
58.266224	58.374557	43
58.305807	58.428724	71
58.420390	58.514140	72
58.520390	58.580807	71
58.603724	58.649557	72
58.662057	58.726640	55
58.668307	58.728724	71
58.678724	58.741224	59
58.745390	58.809974	72
58.820390	58.893307	71
58.893307	58.939140	72
58.974557	59.039140	65
59.005807	59.084974	59
59.012057	59.076640	55
59.012057	59.130807	72
59.112057	59.234974	71
59.230807	59.359974	69
59.349557	59.509974	71
59.459974	59.591224	48
59.487057	61.368307	72
59.872474	59.962057	64
59.887057	59.951640	60
59.889140	59.966224	55
60.249557	60.301640	64
60.253724	60.320390	55
60.262057	60.320390	60
60.643307	60.753724	52
61.028724	61.143307	55
61.032890	61.153724	60
61.039140	61.151640	64
61.424557	61.478724	64
61.424557	61.497474	55
61.443307	61.514140	60
61.449557	61.624557	67
61.787057	62.287057	52
61.874557	62.382890	68
62.245390	62.301640	64
62.262057	62.334974	56
62.287057	62.351640	59
62.622474	62.966224	64
62.626640	62.687057	56
62.649557	62.716224	59
62.937057	63.305807	52
63.030807	63.334974	68
63.368307	63.891224	71
63.384974	63.455807	56
63.395390	63.474557	64
63.409974	63.491224	59
63.737057	63.824557	52
63.899557	64.084974	76
64.089140	64.859974	74
64.095390	64.214140	45
64.468307	64.553724	64
64.468307	64.568307	60
64.472474	64.557890	57
64.809974	64.862057	64
64.809974	64.895390	57
64.824557	64.878724	60
64.832890	65.009974	72
64.987057	65.153724	71
65.155807	65.218307	45
65.174557	66.387057	72
65.534974	65.641224	64
65.541224	65.622474	57
65.559974	65.622474	60
65.903724	65.955807	56
66.297474	66.722474	55
66.670390	66.828724	58
66.672474	66.824557	64
66.699557	66.784974	60
67.043307	67.182890	67
67.051640	67.157890	58
67.062057	67.137057	64
67.109974	67.170390	60
67.434974	67.853724	55
67.459974	67.774557	67
67.832890	67.976640	58
67.832890	67.978724	64
67.859974	68.287057	76
67.862057	67.934974	60
68.232890	68.299557	58
68.243307	68.309974	64
68.268307	68.334974	60
68.407890	68.474557	76
68.568307	69.076640	53
68.574557	69.034974	76
68.937057	69.062057	65
68.968307	69.097474	60
68.976640	69.072474	57
69.297474	69.424557	69
69.309974	69.397474	65
69.339140	69.432890	57
69.364140	69.449557	60
69.564140	69.749557	69
69.699557	70.439140	72
69.712057	70.220390	53
70.074557	70.218307	65
70.091224	70.212057	57
70.093307	70.187057	60
70.430807	70.501640	65
70.464140	70.541224	57
70.464140	70.541224	60
70.809974	71.309974	53
71.182890	71.301640	56
71.187057	71.314140	65
71.191224	71.347474	68
71.207890	71.287057	60
71.397474	71.630807	74
71.572474	71.680807	65
71.572474	72.028724	76
71.576640	71.649557	56
71.607890	71.682890	60
71.916224	72.332890	53
72.351640	72.493307	65
72.355807	72.509974	56
72.395390	72.476640	60
72.578724	72.801640	84
72.749557	72.901640	56
72.751640	72.814140	65
72.793307	72.864140	60
72.826640	73.032890	83
72.832890	72.905807	82
73.045390	73.314140	80
73.307890	73.418307	43
73.316224	74.020390	79
73.757890	73.893307	64
73.757890	73.897474	55
73.778724	73.859974	60
74.134974	74.193307	64
74.139140	74.253724	55
74.147474	74.234974	60
74.489140	74.582890	43
74.539140	75.253724	76
74.870390	75.012057	55
74.872474	74.970390	64
74.891224	74.951640	60
75.234974	75.289140	64
75.245390	75.351640	55
75.257890	75.318307	60
75.618307	75.749557	43
75.678724	76.101640	79
76.030807	76.193307	55
76.047474	76.178724	65
76.062057	76.176640	59
76.226640	76.428724	77
76.405807	76.612057	76
76.409974	76.545390	65
76.434974	76.505807	59
76.449557	76.526640	55
76.587057	76.809974	74
76.774557	77.284974	55
76.818307	77.466224	72
77.232890	77.434974	65
77.237057	77.437057	59
77.424557	77.680807	71
77.678724	77.949557	69
77.695390	77.809974	55
77.912057	78.143307	71
78.114140	78.270390	48
78.151640	79.872474	72
78.557890	78.695390	64
78.562057	78.691224	55
78.591224	78.695390	60
78.937057	79.012057	64
78.945390	79.055807	60
78.974557	79.037057	55
79.314140	80.055807	52
79.732890	79.928724	64
79.734974	79.897474	55
80.157890	80.220390	64
80.176640	80.241224	60
80.187057	80.251640	55
80.572474	80.701640	48
80.637057	80.768307	76
80.651640	80.859974	72
80.993307	81.112057	55
80.997474	81.074557	64
81.012057	81.089140	60
81.168307	81.307890	75
81.176640	81.264140	71
81.349557	81.409974	64
81.349557	81.422474	55
81.362057	81.699557	72
81.366224	81.672474	76
81.376640	81.432890	60
81.684974	81.797474	43
81.755807	81.984974	74
81.762057	81.957890	71
82.109974	82.264140	55
82.128724	82.245390	59
82.301640	82.434974	73
82.309974	82.391224	70
82.505807	82.882890	71
82.507890	82.568307	55
82.512057	82.784974	74
82.514140	82.564140	59
82.820390	83.005807	45
82.901640	84.001640	72
82.907890	83.987057	69
83.259974	83.382890	52
83.266224	83.380807	60
83.270390	83.353724	57
83.612057	83.666224	60
83.614140	83.734974	52
83.626640	83.707890	57
83.914140	84.080807	45
84.037057	84.570390	64
84.337057	84.495390	52
84.355807	84.457890	57
84.357890	84.499557	60
84.737057	84.784974	60
84.737057	84.832890	52
84.741224	84.820390	57
85.066224	85.216224	41
85.172474	85.768307	69
85.530807	85.651640	57
85.530807	85.655807	60
85.530807	85.672474	53
85.722474	85.937057	76
85.895390	85.951640	57
85.899557	85.976640	53
85.901640	85.959974	60
85.916224	86.399557	81
86.241224	86.374557	43
86.305807	86.707890	79
86.657890	86.837057	55
86.674557	86.826640	65
86.709974	86.822474	59
86.880807	87.043307	74
87.068307	87.128724	65
87.076640	87.182890	59
87.097474	87.155807	55
87.130807	87.193307	76
87.299557	87.407890	76
87.474557	87.587057	48
87.495390	89.130807	76
87.870390	87.989140	64
87.874557	87.974557	55
87.878724	87.968307	60
88.241224	88.322474	55
88.245390	88.299557	64
88.262057	88.324557	60
88.622474	88.755807	48
89.030807	89.212057	55
89.034974	89.205807	64
89.062057	89.184974	60
89.393307	89.593307	72
89.405807	89.474557	64
89.405807	89.474557	55
89.420390	89.489140	60
89.591224	89.828724	71
89.778724	90.324557	53
89.839140	90.420390	69
90.189140	90.297474	65
90.195390	90.316224	60
90.203724	90.299557	57
90.368307	90.537057	72
90.559974	90.618307	65
90.566224	91.007890	81
90.587057	90.645390	60
90.589140	90.653724	57
90.920390	91.055807	43
90.980807	91.566224	79
91.347474	91.487057	59
91.347474	91.503724	55
91.353724	91.493307	65
91.530807	91.734974	77
91.709974	91.762057	65
91.722474	91.801640	59
91.730807	91.795390	55
91.739140	91.932890	76
91.909974	92.187057	77
92.084974	92.195390	43
92.134974	92.732890	76
92.501640	92.570390	64
92.501640	92.584974	59
92.534974	92.601640	55
92.691224	92.947474	77
92.901640	93.003724	56
92.912057	92.995390	64
92.914140	93.153724	76
92.926640	92.989140	59
93.132890	93.441224	74
93.330807	94.001640	57
93.374557	94.164140	72
93.778724	93.918307	69
93.789140	93.949557	64
93.795390	93.895390	60
94.170390	94.299557	71
94.172474	94.237057	64
94.187057	94.257890	60
94.553724	95.343307	53
94.597474	95.047474	69
94.928724	95.089140	65
94.953724	95.093307	57
94.957890	95.097474	60
95.132890	95.353724	72
95.347474	95.791224	69
95.357890	95.424557	65
95.378724	95.449557	57
95.382890	95.453724	60
95.689140	96.409974	53
95.820390	96.462057	68
96.184974	96.351640	65
96.193307	96.380807	56
96.207890	96.395390	60
96.407890	96.624557	72
96.614140	96.670390	65
96.618307	97.112057	74
96.622474	96.693307	56
96.641224	96.707890	60
96.959974	97.128724	48
97.045390	99.955807	72
97.432890	97.539140	55
97.437057	97.530807	64
97.441224	97.518307	60
97.830807	97.939140	55
97.845390	97.920390	64
97.868307	97.959974	60
98.301640	98.751640	53
98.789140	98.953724	64
98.791224	98.999557	55
98.793307	98.993307	60
99.262057	99.401640	52
99.741224	100.595390	50
100.141224	100.239140	57
100.151640	100.218307	69
100.153724	100.230807	62
100.180807	100.243307	65
100.524557	100.578724	62
100.534974	100.868307	69
100.541224	100.876640	65
100.547474	100.614140	57
100.932890	101.757890	43
101.322474	101.393307	55
101.328724	101.401640	50
101.334974	101.403724	65
101.337057	101.422474	69
101.353724	101.424557	62
101.355807	101.414140	59
101.678724	101.726640	55
101.695390	101.755807	50
101.703724	102.051640	62
101.705807	101.976640	69
101.705807	102.028724	65
101.718307	102.066224	59
102.112057	102.812057	36
102.145390	102.212057	38
102.480807	102.616484	60
102.484974	102.607890	52
102.487057	102.587057	48
102.495390	102.628724	43
102.495390	102.666224	64
102.841224	102.899557	48
102.872474	103.239140	64
102.878724	102.974557	52
102.878724	103.224557	60
103.212057	104.028724	43
103.580807	103.649557	62
103.582890	103.645390	55
103.582890	103.649557	59
103.582890	103.655807	50
103.947474	104.012057	55
103.964140	104.305807	62
103.966224	104.343307	59
103.999557	104.070390	50
104.341224	105.145390	41
104.699557	104.778724	60
104.703724	104.770390	53
104.707890	104.772474	57
104.709974	104.774557	48
105.066224	105.149557	53
105.072474	105.451640	60
105.074557	105.449557	57
105.095390	105.193307	48
105.455807	106.284974	40
105.830807	105.909974	67
105.834974	105.899557	60
105.839140	105.895390	55
105.845390	105.897474	52
105.862057	105.920390	48
106.212057	106.270390	52
106.212057	106.530807	67
106.214140	106.584974	60
106.220390	106.282890	48
106.220390	106.468307	55
106.628724	107.520390	38
107.045390	107.180807	50
107.064140	107.170390	45
107.230807	107.470390	65
107.234974	107.349557	57
107.464140	107.687057	64
107.472474	107.570390	50
107.474557	107.541224	45
107.666224	107.878724	65
107.826640	108.634974	43
107.862057	108.693307	64
108.259974	108.372474	55
108.266224	108.405807	50
108.645390	108.712057	55
108.662057	108.732890	50
108.666224	109.099557	62
109.095390	109.882890	45
109.493307	109.589140	69
109.493307	109.593307	52
109.495390	109.591224	57
109.495390	109.591224	72
109.512057	109.591224	60
109.870390	109.953724	57
109.872474	109.930807	52
109.880807	110.270390	69
109.884974	110.253724	72
109.891224	110.141224	60
110.303724	111.291224	46
110.737057	110.837057	70
110.745390	110.824557	58
110.745390	110.876640	62
110.759974	110.905807	74
110.764140	110.824557	54
111.234974	111.328724	58
111.239140	111.737057	70
111.239140	111.762057	74
111.243307	111.301640	54
111.243307	111.720390	62
111.701640	112.572474	47
112.132890	112.257890	62
112.132890	112.295390	74
112.139140	112.222474	59
112.139140	112.226640	55
112.143307	112.274557	67
112.574557	112.826640	74
112.578724	112.793307	62
112.580807	112.645390	55
112.580807	112.653724	59
112.587057	112.930807	67
112.941224	113.795390	48
113.301640	113.384974	60
113.312057	113.384974	64
113.320390	113.395390	76
113.322474	113.380807	72
113.328724	113.384974	55
113.701640	113.782890	60
113.703724	113.937057	76
113.716224	113.945390	64
113.716224	114.022474	72
113.741224	113.818307	55
114.093307	114.834974	47
114.464140	114.572474	62
114.464140	114.607890	74
114.468307	114.584974	59
114.470390	114.553724	67
114.491224	114.555807	55
114.837057	114.903724	59
114.847474	114.974557	67
114.851640	114.918307	55
114.851640	114.934974	74
114.851640	114.941224	62
115.237057	116.143307	45
115.634974	115.770390	52
115.634974	115.799557	69
115.641224	115.766224	57
115.641224	115.797474	60
115.647474	115.864140	72
116.037057	116.157890	57
116.064140	116.399557	60
116.070390	116.305807	72
116.070390	116.316224	69
116.072474	116.174557	52
116.543307	118.099557	43
117.128724	117.466224	67
117.139140	117.484974	71
117.143307	117.470390	55
117.149557	117.384974	59
117.153724	117.468307	50
117.834974	118.455807	69
117.843307	118.087057	55
117.849557	118.203724	50
118.566224	118.984974	71
119.097474	119.334974	60
119.149557	119.899557	41
119.168307	119.547474	64
119.230807	119.937057	69
119.289140	120.443307	72
119.712057	119.897474	48
119.962057	120.030807	53
120.203724	122.968307	57
120.476640	122.951640	60
120.703724	122.920390	64
120.934974	121.097474	67
121.153724	121.282890	72
121.359974	121.459974	76
121.574557	121.843307	79
121.839140	122.139140	84
122.128724	122.251640	88
122.305807	122.497474	79
122.387317	122.562057	84
122.432890	122.705807	88
122.534974	122.770390	91
123.412057	123.980807	55
123.472474	123.968307	62
123.545390	123.914140	67
123.551640	123.959974	71
123.597474	124.049557	74
123.637057	124.018307	79
124.566224	125.426640	48
124.641224	125.307890	55
124.682890	125.322474	60
124.693307	125.282890	67
124.778724	125.093307	72
124.866224	125.282890	76
124.957890	125.270390	79
