1.938800	2.122133	83
2.113800	2.292967	84
2.278383	2.338800	85
2.440883	2.495050	43
2.451300	2.555467	86
2.465883	2.530467	55
2.620050	2.840883	95
2.740883	2.803383	62
2.778383	2.922133	90
2.917967	3.111717	93
3.063800	3.120050	67
3.065883	3.147133	59
3.078383	3.159633	91
3.247133	3.411717	83
3.409633	3.582550	84
3.549217	3.726300	85
3.701300	3.757550	36
3.720050	3.782550	48
3.747133	3.838800	86
3.763800	3.824217	88
3.878383	4.015883	90
4.038800	4.217967	88
4.051300	4.403383	60
4.205467	4.365883	84
4.351300	4.461717	64
4.357550	4.451300	81
4.361717	4.430467	69
4.511717	4.649217	79
4.657550	4.836717	78
4.834633	4.974217	76
4.938800	5.038800	38
4.978383	5.055467	50
4.988800	5.120050	74
5.153383	5.357550	84
5.299217	5.438800	74
5.311717	5.365883	62
5.459633	5.599217	75
5.603383	5.659633	66
5.620050	5.765883	76
5.651300	5.713800	60
5.792967	5.953383	84
5.945050	6.074217	78
6.109633	6.226300	84
6.247133	6.334633	79
6.263800	6.378383	43
6.276300	6.424217	55
6.313800	6.524217	84
6.482550	6.649217	83
6.640883	6.788800	79
6.665883	6.747133	62
6.799217	6.872133	74
6.957550	7.011717	67
6.957550	7.015883	59
6.976300	7.022133	71
7.176300	7.388800	83
7.361717	7.574217	84
7.540883	7.647133	85
7.680467	7.813800	43
7.720050	7.855467	55
7.728383	7.788800	87
7.732550	7.886717	86
7.945050	8.176300	95
7.949217	8.167967	96
8.086717	8.276300	90
8.097133	8.228383	62
8.282550	8.503383	93
8.459633	8.559633	91
8.482550	8.634633	59
8.486717	8.603383	67
8.655467	8.786717	83
8.836717	9.036717	84
9.015883	9.120050	85
9.174217	9.257550	36
9.180467	9.286717	86
9.203383	9.267967	48
9.342967	9.530467	90
9.530467	9.959633	60
9.538800	9.692967	88
9.695050	9.836717	84
9.863800	9.940883	69
9.870050	9.955467	81
9.874217	9.942967	64
10.042967	10.197133	79
10.211717	10.357550	78
10.380467	10.524217	76
10.515883	10.611717	38
10.551300	10.713800	74
10.563800	10.649217	50
10.742967	10.974217	84
10.897133	10.965883	62
10.903383	11.042967	74
11.076300	11.232550	75
11.222133	11.284633	66
11.259633	11.432550	76
11.267967	11.334633	60
11.417967	11.603383	78
11.593227	11.751300	83
11.757550	11.997133	81
11.947133	12.065883	43
11.963800	12.347133	79
11.974217	12.113800	55
12.332550	12.470050	62
12.686717	12.797133	59
12.692967	12.757550	67
12.930467	13.030467	83
13.072133	13.267967	84
13.230467	13.347133	85
13.424217	13.505467	43
13.424217	13.567967	86
13.434633	13.547133	55
13.613800	13.809633	95
13.780467	13.922133	90
13.790883	13.892967	62
13.949217	14.159633	93
14.122133	14.176300	67
14.128383	14.209633	91
14.132550	14.197133	59
14.311717	14.432550	83
14.484633	14.663800	84
14.655467	14.745050	85
14.803383	14.859633	36
14.824217	14.905467	86
14.832550	14.888800	48
14.982550	15.038800	90
15.170050	15.342967	88
15.234633	15.313800	59
15.347133	15.511717	84
15.515883	15.628383	81
15.528383	15.697133	69
15.540883	15.686717	64
15.690883	15.799217	79
16.036717	16.172133	76
16.195050	16.265883	38
16.195050	16.370050	74
16.220050	16.336717	50
16.403383	16.499217	84
16.411717	16.472133	86
16.528383	16.690883	74
16.557550	16.624217	62
16.699217	16.836717	75
16.872133	16.942967	66
16.880467	17.082550	76
16.911717	16.976300	60
17.076300	17.211717	83
17.226300	17.372133	78
17.374217	17.457550	83
17.559633	17.676300	43
17.586717	17.717967	55
17.651300	17.917967	83
17.890883	18.253383	81
17.951300	18.026300	62
18.242967	18.447133	74
18.472133	18.517967	71
18.474217	18.634633	59
18.480467	18.611717	67
18.699217	18.807550	83
18.878383	19.080467	84
19.053383	19.128383	85
19.217967	19.332550	86
19.236717	19.284633	43
19.242967	19.313800	55
19.388800	19.572133	95
19.540883	19.680467	90
19.545050	19.622133	62
19.703383	19.911717	93
19.880467	19.949217	59
19.884633	19.938800	67
19.884633	19.951300	91
20.070050	20.190883	83
20.222133	20.426300	84
20.409633	20.540883	85
20.557550	20.605467	36
20.572133	20.670050	86
20.576300	20.640883	48
20.722133	20.876300	90
20.903383	21.186717	60
20.909633	21.070050	88
21.076300	21.226300	84
21.230467	21.299217	69
21.238800	21.303383	81
21.238800	21.309633	64
21.413800	21.540883	79
21.547133	21.692967	78
21.726300	21.895050	76
21.855467	21.924217	38
21.880467	21.967967	50
21.886717	22.036717	74
22.061717	22.236717	84
22.201300	22.374217	74
22.238800	22.305467	62
22.384633	22.484633	75
22.545050	22.607550	66
22.549217	22.682550	76
22.590883	22.653383	60
22.697133	22.888800	78
22.884633	23.063800	83
23.045050	23.276300	81
23.217967	23.324217	43
23.232550	23.370050	55
23.238800	23.911717	79
23.586717	23.703383	62
23.992967	24.099217	59
23.997133	24.082550	67
24.217967	24.426300	83
24.370050	24.578383	79
24.555467	24.607550	78
24.740883	24.911717	76
24.747133	24.842967	45
24.922133	25.076300	75
25.097133	25.274217	76
25.126300	25.436717	57
25.313800	25.370050	79
25.449217	25.565883	71
25.476300	25.572133	67
25.628383	25.776300	74
25.774217	25.915883	64
25.803383	25.922133	73
25.988800	26.034633	76
26.138800	26.195050	76
26.174217	26.336717	74
26.174217	26.499217	50
26.363800	26.420050	73
26.503383	26.607550	74
26.542967	26.657550	57
26.688800	26.876300	78
26.859633	27.130467	81
26.876300	26.963800	66
26.911717	26.990883	62
27.036717	27.261717	78
27.205467	27.388800	81
27.226300	27.286717	57
27.397133	27.561717	86
27.538800	27.595050	81
27.572133	27.655467	52
27.592967	27.770050	85
27.901300	28.197133	57
27.911717	28.172133	85
28.157550	28.238800	79
28.199217	28.305467	61
28.213800	28.361717	83
28.222133	28.297133	67
28.542967	28.590883	83
28.567967	28.630467	57
28.834633	28.934633	78
28.884633	29.172133	50
28.895050	29.238800	81
29.249217	29.417967	57
29.586717	29.684633	66
29.617967	29.682550	62
29.782550	30.009633	83
29.938800	30.140883	79
30.113800	30.282550	78
30.297133	30.451300	76
30.301300	30.357550	45
30.472133	30.615883	75
30.620050	30.915883	57
30.645050	30.788800	76
30.805467	30.870050	79
30.955467	31.061717	71
30.995050	31.082550	67
31.020050	31.117967	64
31.124217	31.209633	74
31.288800	31.378383	73
31.309633	31.382550	57
31.457550	31.499217	76
31.586717	31.711717	76
31.617967	31.884633	50
31.626300	31.780467	74
31.780467	31.847133	73
31.940883	32.059633	74
31.967967	32.167967	57
32.105467	32.272133	76
32.274217	32.399217	66
32.280467	32.428383	78
32.307550	32.447133	62
32.420050	32.620050	77
32.580467	32.830467	78
32.607550	32.651300	57
32.742967	32.903383	80
32.928383	33.020050	81
32.936717	33.278383	49
33.115883	33.245050	80
33.270050	33.438800	81
33.284633	33.347133	61
33.297133	33.353383	54
33.322133	33.395050	57
33.442967	33.563800	83
33.601300	33.826300	49
33.611717	33.732550	85
33.932550	33.990883	61
33.940883	34.007550	80
33.965883	34.015883	56
34.274217	34.320050	85
34.276300	34.326300	54
34.603383	34.703383	81
34.615883	34.661717	66
34.645050	34.715883	57
34.930467	35.145050	52
34.953383	35.163800	88
35.261717	35.309633	56
35.267967	35.324217	64
35.286717	35.490883	83
35.617967	35.805467	57
35.622133	35.686717	85
35.957550	36.249217	61
35.972133	36.247133	67
35.974217	36.220050	81
36.297133	36.407550	93
36.620050	36.703383	83
36.628383	36.688800	57
36.634633	36.686717	67
36.638800	36.690883	62
36.974217	37.013800	93
37.301300	37.342967	63
37.301300	37.355467	84
37.303383	37.351300	67
37.313800	37.386717	57
37.628383	37.678383	93
38.024217	39.055467	57
38.028383	38.682550	85
38.032550	39.057550	64
38.042967	38.951300	67
39.430467	39.661717	83
39.607550	39.809633	79
39.784633	39.940883	78
39.980467	40.030467	45
39.980467	40.120050	76
40.149217	40.309633	75
40.307550	40.634633	57
40.328383	40.484633	76
40.511717	40.565883	79
40.661717	40.772133	67
40.661717	40.776300	71
40.832550	40.936717	74
40.984633	41.065883	73
41.028383	41.099217	57
41.159633	41.203383	76
41.307550	41.370050	76
41.330467	41.509633	74
41.336717	41.622133	50
41.509633	41.609633	73
41.653383	41.774217	74
41.686717	41.834633	57
41.824217	42.028383	78
42.003383	42.120050	66
42.017967	42.161717	81
42.045050	42.188800	62
42.167967	42.403383	78
42.342967	42.478383	81
42.367967	42.436717	57
42.511717	42.717967	86
42.665883	42.711717	52
42.672133	42.734633	81
42.715883	42.813800	85
42.978383	43.305467	57
43.015883	43.203383	85
43.270050	43.345050	79
43.303383	43.420050	61
43.315883	43.370050	67
43.324217	43.401300	83
43.645050	43.697133	83
43.653383	43.711717	57
43.670050	43.736717	81
43.915883	44.009633	78
43.967967	44.226300	50
43.980467	44.424217	81
44.347133	44.553383	57
44.640883	44.755467	66
44.680467	44.742967	62
44.851300	45.063800	83
45.015883	45.061717	57
45.022133	45.236717	79
45.197133	45.338800	78
45.359633	45.407550	45
45.361717	45.524217	76
45.526300	45.672133	75
45.680467	45.963800	57
45.690883	45.840883	76
45.876300	45.940883	79
46.034633	46.126300	67
46.059633	46.170050	71
46.103383	46.170050	64
46.215883	46.342967	74
46.374217	46.447133	73
46.399217	46.472133	57
46.534633	46.588800	76
46.690883	46.751300	76
46.709633	46.870050	74
46.715883	46.926300	50
46.861717	46.945050	73
47.026300	47.176300	74
47.034633	47.232550	57
47.182550	47.386717	76
47.340883	47.434633	66
47.355467	47.453383	78
47.380467	47.442967	62
47.505467	47.695050	79
47.672133	47.828383	81
47.676300	47.740883	57
47.845050	47.995050	86
48.003383	48.249217	55
48.013800	48.159633	85
48.176300	48.303383	83
48.332550	48.376300	59
48.342967	48.449217	79
48.345050	48.397133	64
48.503383	48.588800	76
48.649217	48.790883	83
48.649217	48.801300	57
48.801300	48.922133	81
48.957550	49.055467	79
48.974217	49.034633	61
48.980467	49.049217	65
49.130467	49.313800	76
49.311717	49.817967	74
49.322133	49.374217	66
49.345050	49.401300	62
49.692967	49.899217	57
50.065883	50.134633	50
50.245050	50.336717	83
50.428383	50.617967	84
50.599217	50.676300	85
50.767967	50.815883	43
50.780467	50.890883	86
50.788800	50.853383	55
50.949217	51.149217	95
51.092967	51.155467	62
51.103383	51.253383	90
51.257550	51.465883	93
51.440883	51.513800	91
51.442967	51.545050	59
51.445050	51.509633	67
51.617967	51.778383	83
51.784633	51.980467	84
51.953383	52.076300	85
52.092967	52.153383	36
52.115883	52.211717	86
52.120050	52.188800	48
52.272133	52.430467	90
52.451300	52.592967	88
52.451300	52.724217	60
52.607550	52.763800	84
52.765883	52.853383	69
52.765883	52.872133	64
52.776300	52.842967	81
52.936717	53.074217	79
53.099217	53.276300	78
53.270050	53.426300	76
53.403383	53.459633	38
53.432550	53.507550	50
53.432550	53.580467	74
53.617967	53.784633	84
53.751300	53.913800	74
53.759633	53.882550	62
53.913800	54.055467	75
54.084633	54.142967	66
54.084633	54.236717	76
54.128383	54.190883	60
54.272133	54.424217	84
54.409633	54.542967	78
54.576300	54.672133	84
54.709633	54.786717	79
54.740883	54.811717	43
54.755467	54.857550	55
54.761717	54.988800	84
54.938800	55.109633	83
55.099217	55.220050	79
55.105467	55.184633	62
55.267967	55.372133	74
55.457550	55.522133	59
55.463800	55.530467	67
55.470050	55.542967	71
55.682550	55.874217	83
55.855467	56.078383	84
56.040883	56.126300	85
56.188800	56.259633	43
56.203383	56.305467	55
56.211717	56.292967	86
56.390883	56.576300	95
56.532550	56.592967	62
56.545050	56.655467	90
56.703383	56.890883	93
56.867967	56.947133	91
56.882550	56.932550	67
56.882550	56.942967	59
57.049217	57.184633	83
57.226300	57.447133	84
57.411717	57.532550	85
57.570050	57.686717	86
57.580467	57.626300	36
57.595050	57.649217	48
57.749217	57.903383	90
57.915883	58.055467	88
57.920050	58.095050	60
58.084633	58.220050	84
58.240883	58.305467	81
58.251300	58.307550	64
58.270050	58.330467	69
58.401300	58.478383	79
58.549217	58.670050	78
58.707550	58.813800	76
58.870050	58.992967	74
58.878383	58.926300	38
58.905467	58.963800	50
59.038800	59.159633	84
59.184633	59.326300	74
59.215883	59.272133	62
59.365883	59.451300	75
59.538800	59.657550	76
59.545050	59.595050	66
59.578383	59.645050	60
59.682550	59.828383	78
59.876300	60.005467	83
60.026300	60.232550	81
60.199217	60.247133	43
60.209633	60.301300	55
60.215883	60.528383	79
60.559633	60.678383	62
60.899217	60.955467	67
60.899217	60.961717	59
61.205467	61.263800	79
61.359633	61.440883	79
61.528383	61.574217	43
61.545050	61.592967	67
61.553383	61.613800	79
61.880467	62.045050	55
61.886717	61.947133	67
61.897133	61.970050	79
62.195050	62.253383	69
62.203383	62.259633	65
62.203383	62.265883	79
62.230467	62.286717	60
62.511717	62.576300	71
62.520050	62.570050	79
62.528383	62.584633	62
62.838800	62.884633	72
62.845050	62.890883	79
62.853383	63.159633	48
63.142967	63.224217	79
63.149217	63.205467	71
63.170050	63.395050	55
63.461717	63.559633	72
63.461717	63.574217	79
63.476300	63.534633	64
63.486717	63.559633	60
63.761717	63.820050	73
63.770050	63.880467	79
64.061717	64.130467	74
64.074217	64.124217	43
64.080467	64.134633	79
64.388800	64.442967	73
64.407550	64.472133	79
64.407550	64.480467	55
64.707550	64.788800	79
64.709633	64.757550	74
64.724217	64.792967	59
65.005467	65.053383	75
65.005467	65.055467	55
65.026300	65.076300	79
65.322133	65.590883	48
65.324217	65.632550	79
65.332550	65.588800	76
65.653383	65.903383	55
65.990883	66.038800	64
65.999217	66.055467	60
66.286717	66.332550	76
66.288800	66.351300	79
66.434633	66.484633	76
66.438800	66.517967	79
66.597133	66.645050	41
66.615883	66.699217	81
66.632550	66.690883	77
66.917967	67.028383	81
66.928383	66.972133	76
66.932550	67.124217	53
67.222133	67.286717	74
67.222133	67.322133	81
67.238800	67.332550	57
67.247133	67.315883	62
67.499217	67.547133	75
67.499217	67.576300	81
67.536717	67.586717	53
67.624217	67.688800	75
67.642967	67.697133	81
67.811717	67.865883	43
67.820050	67.897133	79
67.828383	67.880467	76
68.111717	68.180467	79
68.117967	68.176300	74
68.176300	68.422133	55
68.182550	68.259633	53
68.426300	68.501300	79
68.434633	68.513800	72
68.455467	68.542967	64
68.461717	68.574217	60
68.717967	68.767967	72
68.717967	68.786717	79
68.736717	68.778383	55
68.876300	68.926300	72
68.884633	68.940883	79
69.032550	69.080467	43
69.032550	69.099217	79
69.036717	69.082550	71
69.340883	69.682550	55
69.347133	69.405467	79
69.359633	69.405467	77
69.649217	69.788800	65
69.655467	69.759633	79
69.663800	69.742967	76
69.676300	69.757550	59
69.951300	70.076300	79
69.959633	70.024217	74
69.974217	70.026300	55
70.272133	70.599217	48
70.276300	70.647133	79
70.282550	70.613800	76
70.607550	70.940883	55
70.922133	71.017967	64
70.922133	71.026300	60
71.253383	71.301300	76
71.261717	71.324217	79
71.380467	71.470050	76
71.386717	71.497133	79
71.572133	71.615883	41
71.572133	71.676300	77
71.572133	71.688800	81
71.884633	72.097133	81
71.890883	72.072133	76
71.890883	72.238800	53
72.195050	72.340883	81
72.195050	72.345050	57
72.203383	72.299217	74
72.207550	72.307550	62
72.490883	72.601300	81
72.501300	72.542967	75
72.515883	72.572133	53
72.630467	72.692967	75
72.634633	72.709633	81
72.805467	72.932550	43
72.824217	73.009633	79
72.826300	72.995050	76
73.138800	73.270050	79
73.140883	73.224217	74
73.151300	73.449217	55
73.459633	73.574217	79
73.472133	73.580467	72
73.472133	73.582550	64
73.478383	73.592967	60
73.753383	73.813800	72
73.761717	73.830467	79
73.788800	73.832550	55
73.903383	73.976300	79
73.903383	73.976300	72
74.061717	74.149217	43
74.067967	74.172133	79
74.076300	74.151300	71
74.382550	74.720050	55
74.395050	74.547133	77
74.395050	74.549217	79
74.705467	74.784633	76
74.705467	74.820050	79
74.705467	74.830467	65
74.717967	74.855467	59
75.009633	75.134633	79
75.020050	75.076300	55
75.020050	75.109633	74
75.328383	75.592967	48
75.336717	75.690883	79
75.349217	75.684633	72
75.667967	75.953383	55
76.022133	76.115883	64
76.028383	76.107550	60
76.372133	76.515883	75
76.642967	76.832550	76
76.874217	77.097133	54
76.880467	77.103383	77
76.901300	77.145050	60
77.115883	77.207550	76
77.253383	77.399217	75
77.286717	77.399217	62
77.438800	77.572133	76
77.601300	77.788800	83
77.797133	77.976300	76
77.947133	78.070050	75
78.113800	78.249217	76
78.295050	78.478383	84
78.301300	78.609633	57
78.353383	78.561717	60
78.467967	78.563800	76
78.626300	78.895050	83
78.670050	78.986717	64
78.809633	78.961717	76
78.988800	79.047133	81
79.009633	79.128383	52
79.326300	79.455467	73
79.495050	79.613800	74
79.665883	79.811717	76
79.667967	79.720050	54
79.670050	79.726300	60
79.840883	79.922133	74
79.984633	80.130467	73
80.032550	80.159633	62
80.186717	80.345050	74
80.332550	80.509633	81
80.345050	80.578383	50
80.507550	80.674217	74
80.672133	80.801300	73
80.692967	80.761717	62
80.851300	80.963800	74
81.013800	81.438800	55
81.028383	81.203383	83
81.163800	81.278383	74
81.336717	81.507550	81
81.349217	81.609633	62
81.370050	81.478383	59
81.488800	81.651300	74
81.701300	81.924217	79
81.715883	81.982550	55
81.720050	81.961717	59
82.074217	82.145050	78
82.230467	82.334633	79
82.428383	82.488800	77
82.432550	82.570050	81
82.440883	82.492967	71
82.457550	82.528383	67
82.595050	82.711717	79
82.767967	82.832550	78
82.922133	83.076300	79
83.122133	83.159633	91
83.442967	83.503383	66
83.578383	83.638800	67
83.751300	83.899217	69
83.776300	83.824217	59
83.776300	83.834633	65
83.780467	83.828383	55
83.930467	84.017967	67
84.088800	84.163800	66
84.265883	84.388800	67
84.451300	84.495050	79
84.776300	84.838800	54
84.926300	85.011717	55
85.115883	85.274217	57
85.122133	85.165883	47
85.122133	85.180467	53
85.301300	85.370050	55
85.449217	85.526300	54
85.624217	85.751300	55
85.805467	85.859633	67
86.122133	86.382550	67
86.428383	86.472133	79
86.732550	86.995050	79
87.059633	87.101300	91
87.378383	87.526300	78
87.563800	87.653383	79
87.715883	87.809633	74
87.722133	87.851300	81
87.730467	87.797133	71
87.734633	87.807550	67
87.884633	87.984633	79
88.032550	88.138800	78
88.188800	88.295050	79
88.340883	88.399217	75
88.349217	88.503383	81
88.357550	88.407550	72
88.357550	88.424217	67
88.507550	88.647133	79
88.657550	88.736717	78
88.809633	88.915883	79
88.938800	89.042967	73
88.957550	89.024217	76
88.963800	89.047133	67
88.970050	89.128383	81
89.130467	89.253383	79
89.295050	89.374217	78
89.447133	89.570050	79
89.592967	89.653383	55
89.630467	89.767967	91
89.926300	90.340883	67
89.932550	90.059633	79
90.092967	90.226300	91
90.236717	90.380467	77
90.236717	90.397133	72
90.249217	90.370050	81
90.397133	90.597133	91
90.555467	90.699217	83
90.561717	90.607550	77
90.576300	90.626300	74
90.730467	90.909633	91
90.872133	91.155467	60
90.876300	91.007550	84
91.038800	91.207550	91
91.186717	91.513800	67
91.195050	91.292967	83
91.347133	91.501300	91
91.488800	91.607550	84
91.513800	91.561717	76
91.515883	91.624217	72
91.657550	91.838800	91
91.809633	91.955467	85
91.955467	92.138800	91
92.117967	92.163800	55
92.130467	92.276300	86
92.288800	92.415883	91
92.424217	92.690883	67
92.434633	92.567967	85
92.601300	92.784633	91
92.751300	92.878383	77
92.751300	92.940883	86
92.757550	92.942967	71
92.911717	93.097133	91
93.059633	93.232550	87
93.076300	93.124217	67
93.228383	93.440883	91
93.401300	93.657550	60
93.401300	93.678383	88
93.684633	93.913800	67
94.040883	94.090883	72
94.051300	94.095050	76
94.349217	94.520050	88
94.503383	94.661717	91
94.674217	94.834633	89
94.678383	94.732550	53
94.857550	94.945050	93
94.986717	95.303383	65
94.988800	95.136717	88
95.159633	95.355467	93
95.315883	95.413800	74
95.322133	95.428383	69
95.322133	95.434633	86
95.474217	95.653383	93
95.634633	95.799217	87
95.647133	95.713800	65
95.770050	95.899217	93
95.955467	96.020050	55
95.955467	96.113800	88
96.111717	96.272133	91
96.261717	96.572133	67
96.278383	96.417967	86
96.432550	96.605467	91
96.592967	96.738800	84
96.603383	96.674217	76
96.611717	96.747133	72
96.778383	96.934633	91
96.907550	96.965883	67
96.915883	97.061717	84
97.097133	97.236717	91
97.203383	97.349217	83
97.228383	97.297133	55
97.397133	97.595050	91
97.559633	97.872133	67
97.572133	97.757550	89
97.740883	97.915883	91
97.882550	98.034633	71
97.886717	98.005727	77
97.886717	98.092967	88
98.070050	98.247133	91
98.195050	98.265883	67
98.234633	98.407550	86
98.405467	98.626300	91
98.563800	98.824217	60
98.586717	98.872133	88
98.924217	99.211717	67
99.288800	99.338800	72
99.290883	99.355467	76
99.582550	99.788800	88
99.755467	99.922133	91
99.934633	100.097133	89
99.942967	99.995050	53
100.117967	100.211717	93
100.265883	100.426300	88
100.265883	100.551300	65
100.436717	100.628383	93
100.590883	100.703383	86
100.595050	100.747133	69
100.622133	100.690883	74
100.759633	100.940883	93
100.911717	101.088800	87
100.926300	101.007550	65
101.061717	101.209633	93
101.236717	101.297133	55
101.247133	101.420050	88
101.430467	101.595050	91
101.553383	101.799217	67
101.582550	101.722133	86
101.755467	101.922133	91
101.899217	101.972133	76
101.903383	102.030467	84
101.924217	101.999217	72
102.092967	102.238800	91
102.224217	102.303383	67
102.236717	102.395050	84
102.428383	102.584633	91
102.574217	102.734633	83
102.576300	102.661717	55
102.761717	102.938800	91
102.940883	103.130467	89
102.940883	103.215883	67
103.120050	103.286717	91
103.282550	103.420050	77
103.282550	103.467967	88
103.297133	103.376300	71
103.467967	103.601300	91
103.622133	103.795050	86
103.636717	103.724217	67
103.790883	103.980467	91
103.972133	104.034633	84
104.142967	104.317967	72
104.338800	104.495050	67
104.349217	104.490883	79
104.528383	104.578383	64
104.532550	104.690883	76
104.709633	104.770050	72
104.724217	104.828383	60
104.890883	105.017967	55
104.915883	105.042967	67
104.932550	104.995050	69
105.070050	105.222133	64
105.084633	105.132550	52
105.263800	105.351300	60
105.280467	105.574217	48
105.540883	105.820050	55
105.559633	105.799217	43
105.801300	106.178383	52
106.197133	106.705467	48
106.209633	106.726300	36
106.242967	106.309633	43
122.505467	122.897133	48
