3.063150	3.365234	39
3.069400	3.333984	51
3.373567	3.552734	53
3.379817	3.550650	41
3.575650	3.786067	42
3.583984	3.708984	54
3.725650	3.894400	56
3.756900	3.921484	44
3.871484	3.998567	58
3.898567	4.065234	46
4.056900	4.186067	59
4.077734	4.238150	47
4.238150	4.394400	49
4.263150	4.450650	61
4.433984	4.606900	51
4.436067	4.561067	63
4.644400	4.992317	65
4.650650	4.983984	53
4.961067	5.690234	54
4.975650	5.656900	66
5.975650	6.065234	54
5.975650	6.075650	70
5.983984	6.050650	61
5.983984	6.056900	58
5.983984	6.086067	42
5.983984	6.102734	49
5.992317	6.048567	66
6.765234	6.833984	35
6.779817	6.961067	71
7.127734	7.188150	54
7.154817	7.231900	47
7.158984	7.213150	50
7.165234	7.308984	59
7.254817	7.392317	62
7.331900	7.442317	66
7.427734	7.483984	59
7.796484	7.844400	35
7.804817	7.861067	71
8.125650	8.208984	55
8.136067	8.242317	49
8.142317	8.227734	52
8.154817	8.208984	47
8.156900	8.294400	59
8.236067	8.452734	61
8.325650	8.490234	67
8.452734	8.492317	59
8.806900	8.975650	50
8.806900	9.017317	71
8.992317	9.056900	54
8.996484	9.119400	66
9.002734	9.052734	62
9.011067	9.063150	59
9.144400	9.306900	49
9.167317	9.338150	73
9.315234	9.458984	66
9.319400	9.392317	54
9.331900	9.373567	58
9.331900	9.381900	64
9.471484	9.608984	47
9.490234	9.675650	74
9.642317	9.686067	59
9.652734	9.725650	64
9.658984	9.706900	54
9.658984	9.817317	66
9.798567	9.829817	42
9.838150	10.042317	73
10.181900	10.504817	58
10.190234	10.396484	61
10.198567	10.623567	54
10.323567	10.502734	66
10.419400	10.608984	70
10.546484	10.648567	61
10.904817	10.996484	42
10.958984	11.358984	78
11.333984	11.386067	58
11.338150	11.533984	66
11.354817	11.415234	54
11.471484	11.677734	70
11.561067	11.702734	73
11.686067	11.813150	66
12.048567	12.669400	47
12.117317	12.286067	74
12.502734	12.667317	54
12.515234	12.613150	59
12.521484	12.686067	62
12.606900	12.744400	66
12.700650	12.838150	71
12.836067	12.894400	62
13.188150	13.394400	43
13.221484	13.413150	73
13.225650	13.390234	71
13.398567	13.442317	55
13.398567	13.504817	64
13.592317	13.750650	40
13.592317	13.831900	71
13.592317	13.904817	76
13.773567	13.819400	52
13.781900	13.892317	64
13.940234	14.100650	43
13.965234	14.108984	73
13.977734	14.121484	71
14.142317	14.190234	55
14.152734	14.269400	64
14.317317	14.850650	47
14.352734	14.911067	74
14.731900	14.858984	62
14.733984	14.902734	50
14.742317	14.886067	54
14.746484	14.846484	59
14.825650	14.979817	66
14.913150	15.054817	71
15.054817	15.104817	62
15.404817	15.525650	35
15.469400	15.658984	72
15.854817	15.896484	54
15.867317	15.925650	50
15.890234	15.950650	47
16.021484	16.163150	59
16.161067	16.302734	62
16.300650	16.448567	59
16.598567	16.700650	35
16.631900	16.790234	71
17.011067	17.161067	47
17.011067	17.183984	49
17.025650	17.148567	55
17.046484	17.198567	52
17.054817	17.198567	59
17.144400	17.369400	61
17.248567	17.402734	67
17.375650	17.415234	59
17.740234	17.946484	71
17.748567	17.913150	50
17.927734	17.981900	54
17.933984	17.981900	59
17.933984	18.015234	62
17.933984	18.069400	66
18.088150	18.267317	49
18.108984	18.281900	73
18.258984	18.423567	66
18.269400	18.336067	58
18.279817	18.340234	64
18.283984	18.358984	54
18.427734	18.581900	47
18.446484	18.615234	74
18.615234	18.688150	64
18.619400	18.783984	66
18.623567	18.667317	59
18.636067	18.686067	54
18.798567	18.833984	42
18.802734	19.038150	73
19.173567	19.515234	58
19.179817	19.358984	61
19.183984	19.604817	54
19.283984	19.483984	66
19.390234	19.550650	70
19.508984	19.561067	61
19.821484	19.998567	42
19.908984	20.456900	78
20.246484	20.373567	58
20.263150	20.411067	54
20.275650	20.442317	66
20.373567	20.586067	70
20.458984	20.594400	73
20.592317	20.648567	66
20.933984	21.527734	47
20.990234	21.088150	74
21.340234	21.544400	54
21.369400	21.475650	59
21.392317	21.531900	62
21.471484	21.650650	66
21.571484	21.713150	71
21.688150	21.742317	62
22.077734	22.296484	38
22.096484	22.329817	71
22.277734	22.415234	68
22.283984	22.350650	50
22.288150	22.356900	66
22.446484	22.815234	74
22.458984	22.606900	35
22.627734	22.677734	47
22.627734	22.694400	66
22.636067	22.779817	68
22.790234	22.961067	38
22.823567	23.002734	71
22.971484	23.038150	50
23.000650	23.052734	66
23.004817	23.050650	68
23.156900	23.198567	37
23.198567	23.594400	73
23.567317	23.706900	56
23.567317	23.740234	49
23.577734	23.777734	61
23.627734	23.767317	53
23.690234	23.877734	65
23.790234	23.913150	68
23.911067	23.963411	61
24.279817	24.977734	42
24.325650	24.958984	69
24.688150	24.906900	54
24.694400	24.900650	57
24.808984	25.004817	61
24.904817	25.031900	66
25.048567	25.129817	57
25.423567	25.565234	35
25.427734	25.975650	67
25.819400	26.015234	55
25.823567	25.948567	50
25.838150	25.992317	47
25.936067	26.111067	59
26.017317	26.175650	62
26.146484	26.217317	55
26.513150	26.565234	65
26.517317	26.556900	61
26.517317	26.558984	37
26.681900	26.721484	56
26.858984	27.104817	68
26.877734	26.946484	49
26.883984	26.950650	53
26.890234	26.944400	61
27.023567	27.081900	56
27.186067	27.244400	37
27.213150	27.279817	61
27.213150	27.283984	65
27.346484	27.419400	56
27.515234	27.929817	42
27.546484	28.083984	66
27.902734	28.050650	54
27.908984	27.965234	49
27.919400	28.013150	45
28.006900	28.183984	57
28.106900	28.246484	61
28.211067	28.288150	54
28.615234	29.011067	66
28.619400	28.656900	35
28.988150	29.033984	53
28.988150	29.054817	47
28.988150	29.067317	50
29.004817	29.175650	54
29.127734	29.275650	59
29.217317	29.350650	62
29.342317	29.408984	54
29.694400	29.746484	30
29.723567	29.977734	66
30.113150	30.190234	49
30.115234	30.283984	45
30.136067	30.304817	54
30.252734	30.473567	57
30.325650	30.533984	61
30.469400	30.542317	54
30.856900	30.940234	56
30.856900	31.115234	65
30.861067	31.852734	37
31.027734	31.221484	57
31.188150	31.427734	59
31.300650	31.433984	61
31.331900	31.769400	49
31.438150	31.558984	62
31.519400	31.681900	61
31.644400	31.719400	59
31.736067	31.873567	57
31.886067	32.025650	56
32.015234	32.717317	66
32.038150	32.200650	30
32.467317	32.650650	42
32.469400	32.606900	49
32.473567	32.646484	54
32.490234	32.640234	45
32.590234	32.754817	57
32.686067	32.842317	61
32.802734	32.946484	54
33.171484	33.242317	35
33.190234	33.804817	66
33.540234	33.625650	53
33.540234	33.663150	50
33.540234	33.665234	47
33.571484	33.744400	54
33.656900	33.900650	59
33.783984	33.938150	62
33.902734	34.179817	54
34.294400	34.396484	30
34.304817	34.865234	66
34.679817	34.771484	49
34.690234	34.825650	45
34.708984	34.898567	54
34.833984	35.031900	57
34.919400	35.061067	61
35.048567	35.104817	54
35.402734	36.225650	37
35.411067	35.850650	65
35.415234	35.488150	56
35.573567	35.725650	57
35.694400	35.940234	59
35.831900	35.936067	61
35.861067	36.192317	49
35.933984	36.119400	62
36.036067	36.206900	61
36.173567	36.250650	59
36.273567	36.402734	57
36.415234	36.554817	56
36.538150	36.654817	30
36.542317	37.329817	66
36.981900	37.219400	49
36.990234	37.244400	42
37.025650	37.348567	45
37.031900	37.211067	54
37.146484	37.367317	57
37.288150	37.571484	61
37.544400	37.629817	54
37.898567	38.046484	35
37.956900	38.388150	71
38.373567	38.419400	54
38.375650	38.479817	50
38.396484	38.458984	47
38.396484	38.552734	59
38.477734	38.627734	62
38.558984	38.717317	66
38.700650	38.831900	59
39.054817	39.148567	35
39.075650	39.158984	71
39.398567	39.486067	51
39.427734	39.700650	49
39.442317	39.629817	55
39.446484	39.640234	47
39.517317	39.696484	59
39.542317	39.658984	52
39.633984	39.861067	61
39.748567	39.911067	67
39.902734	39.956900	59
40.254817	40.465234	71
40.263150	40.440234	50
40.440234	40.575650	66
40.454817	40.504817	54
40.454817	40.517317	62
40.465234	40.511067	59
40.604817	40.773567	49
40.617317	40.796484	73
40.758984	40.911067	66
40.773567	40.848567	64
40.777734	40.833984	58
40.777734	40.879817	54
40.938150	41.079817	47
40.954817	41.129817	74
41.106900	41.200650	64
41.123567	41.169400	59
41.123567	41.281900	66
41.146484	41.196484	54
41.281900	41.319400	42
41.296484	41.586067	73
41.617317	41.752734	58
41.642317	41.813150	54
41.650650	41.815234	61
41.686067	41.811067	73
41.740234	41.950650	66
41.842317	41.977734	70
41.963150	42.000650	61
42.261067	42.408984	46
42.354817	42.954817	78
42.698567	42.896484	54
42.713150	42.875650	61
42.723567	42.931900	58
42.740234	42.904817	66
42.833984	43.044400	70
42.927734	43.056900	73
43.061067	43.192317	66
43.323567	43.500650	45
43.446484	43.521484	75
43.813150	43.942317	60
43.823567	43.969400	57
43.836067	44.000650	63
43.963150	44.131900	66
44.075650	44.213150	72
44.186067	44.233984	63
44.536067	44.717317	55
44.538150	44.738150	76
44.731900	44.790234	67
44.733984	44.786067	64
44.746484	44.869400	71
44.763150	44.819400	59
44.894400	45.071484	54
44.913150	45.073567	78
45.065234	45.127734	69
45.065234	45.142317	63
45.094400	45.175650	71
45.121484	45.156900	70
45.236067	45.379817	52
45.256900	45.425650	79
45.423567	45.473567	64
45.429817	45.486067	69
45.438150	45.600650	71
45.627734	45.675650	45
45.638150	46.219400	78
45.994400	46.079817	62
46.002734	46.131900	59
46.004817	46.190234	66
46.140234	46.315234	71
46.252734	46.475650	74
46.448567	46.671484	66
47.077734	47.331900	74
47.090234	47.238150	35
47.350650	47.561067	68
47.358984	47.506900	66
47.604817	47.854817	73
47.623567	47.758984	37
47.786067	47.848567	49
47.794400	47.923567	68
47.815234	47.877734	66
47.973567	48.092317	38
47.992317	48.177734	71
48.127734	48.188150	50
48.152734	48.219400	66
48.179817	48.231900	68
48.329817	48.371484	37
48.367317	48.667317	73
48.681900	48.913150	49
48.713150	48.936067	61
48.717317	48.850650	56
48.738150	48.923567	53
48.844400	49.094400	65
48.963150	49.115234	68
49.100650	49.233984	61
49.438150	49.583984	30
49.446484	49.644400	69
49.627734	49.677734	42
49.627734	49.683984	61
49.636067	49.700650	63
49.775650	49.898567	32
49.788150	50.013150	68
49.958984	50.006900	44
49.961067	50.104817	63
49.967317	50.065234	61
50.123567	50.261067	33
50.140234	50.333984	66
50.296484	50.363150	45
50.329817	50.388150	61
50.354817	50.404817	63
50.471484	50.508984	32
50.533984	50.608984	68
50.848567	51.056900	44
50.877734	51.011067	51
50.890234	51.079817	48
50.963150	51.077734	54
51.254817	51.438150	63
51.419400	51.548567	56
51.900650	52.490234	65
51.923567	52.423567	37
52.288150	52.442317	53
52.313150	52.408984	49
52.394400	52.571484	56
52.494400	52.706900	61
52.602734	52.669400	53
52.992317	53.406900	33
53.027734	53.454817	66
53.379817	53.533984	54
53.383984	53.448567	45
53.515234	53.708984	57
53.602734	53.733984	61
53.721484	53.775650	54
54.040234	54.252734	35
54.044400	54.261067	59
54.054817	54.256900	55
54.229817	54.354817	62
54.242317	54.296484	47
54.442317	54.642317	57
54.454817	54.581900	37
54.471484	54.646484	54
54.606900	54.723567	61
54.673567	54.729817	49
54.829817	55.131900	37
54.848567	55.044400	56
54.852734	54.950650	53
55.042317	55.092317	49
55.052734	55.092317	61
55.281900	55.427734	54
55.298567	55.638150	42
55.461067	55.573567	50
55.581900	55.717317	49
55.717317	55.779817	48
55.721484	55.781900	47
55.790234	55.929817	45
55.956900	56.163150	44
56.131900	56.338150	42
56.888150	57.088150	35
56.948567	57.215234	69
57.452734	57.556900	50
57.465234	57.517317	54
57.486067	57.567317	47
57.636067	57.708984	59
57.727734	57.879817	62
57.771484	57.927734	66
57.898567	58.015234	59
58.263150	58.325650	35
58.286067	58.331900	71
58.679817	58.746484	55
58.692317	58.788150	47
58.692317	58.821484	49
58.700650	58.813150	52
58.733984	58.915234	59
58.842317	59.067317	61
58.933984	59.113150	67
59.077734	59.115234	59
59.454817	59.638150	50
59.454817	59.673567	71
59.650650	59.794400	66
59.652734	59.711067	54
59.656900	59.715234	62
59.667317	59.721484	59
59.796484	59.973567	49
59.823567	60.006900	73
59.965234	60.111067	66
59.983984	60.042317	58
59.992317	60.063150	64
60.008984	60.067317	54
60.148567	60.286067	47
60.167317	60.333984	74
60.336067	60.408984	64
60.340234	60.502734	66
60.352734	60.402734	54
60.354817	60.408984	59
60.511067	60.561067	42
60.527734	61.088150	73
60.906900	61.142317	58
60.921484	61.271484	54
60.925650	61.104817	61
61.044400	61.271484	66
61.146484	61.292317	70
61.269400	61.313150	61
61.592317	61.763150	46
61.667317	62.248567	78
62.025650	62.165234	61
62.033984	62.227734	66
62.140234	62.215234	56
62.163150	62.388150	70
62.261067	62.400650	73
62.396484	62.521484	66
62.700650	62.854817	45
62.779817	62.881900	75
63.142317	63.329817	57
63.158984	63.288150	60
63.186067	63.379817	63
63.311067	63.496484	66
63.398567	63.577734	72
63.556900	63.600650	63
63.938150	64.129817	76
63.940234	64.121484	55
64.129817	64.186067	64
64.129817	64.192317	67
64.142317	64.275650	71
64.179817	64.236067	59
64.321484	64.494400	78
64.327734	64.502734	54
64.492317	64.565234	69
64.496484	64.563150	63
64.513150	64.600650	71
64.688150	64.829817	52
64.700650	64.877734	79
64.869400	64.967317	69
64.883984	64.933984	64
64.900650	65.094400	71
65.088150	65.140234	47
65.092317	65.154817	45
65.104817	65.465234	78
65.467317	65.606900	62
65.492317	65.669400	59
65.508984	65.671484	66
65.619400	65.806900	71
65.725650	65.846484	74
65.863150	65.969400	66
66.217317	66.396484	35
66.240234	66.444400	74
66.431900	66.496484	66
66.431900	66.583984	68
66.608984	66.738150	37
66.608984	66.867317	73
66.788150	66.846484	49
66.788150	66.948567	68
66.808984	66.879817	66
66.973567	67.090234	38
66.983984	67.165234	71
67.131900	67.198567	50
67.154817	67.219400	66
67.158984	67.204817	68
67.331900	68.219400	42
67.348567	68.006900	73
67.742317	68.213150	54
67.758984	67.917317	61
67.896484	68.086067	65
68.017317	68.169400	68
68.144400	68.267317	61
68.540234	68.731900	30
68.556900	68.754817	69
68.736067	68.892317	63
68.740234	68.800650	61
68.752734	68.815234	42
68.900650	69.040234	32
68.919400	69.142317	68
69.086067	69.158984	44
69.092317	69.244400	63
69.098567	69.163150	61
69.271484	69.404817	33
69.271484	69.465234	66
69.417317	69.496484	45
69.461067	69.563150	61
69.615234	69.661067	32
69.650650	70.023567	66
69.986067	70.502734	44
70.042317	70.436067	51
70.050650	70.490234	48
70.298567	70.619400	56
70.461067	70.642317	60
70.525650	70.588150	63
70.561067	70.731900	68
71.150650	71.750650	65
71.163150	71.683984	37
71.573567	71.642317	49
71.579817	71.742317	53
71.667317	71.846484	56
71.777734	71.948567	61
71.865234	71.950650	53
72.258984	72.921484	33
72.290234	72.890234	66
72.698567	72.981900	45
72.706900	72.894400	54
72.844400	73.027734	57
72.942317	73.065234	61
73.088150	73.142317	54
73.404817	73.631900	35
73.448567	73.650650	59
73.452734	73.650650	55
73.633984	73.696484	47
73.646484	73.729817	62
73.861067	74.058984	37
73.877734	74.102734	57
73.888150	73.967317	54
74.067317	74.215234	61
74.092317	74.148567	49
74.344400	74.825650	37
74.363150	74.658984	56
74.371484	74.619400	53
74.667317	74.786067	49
74.690234	74.771484	61
75.038150	76.171484	42
75.140234	75.294400	50
75.238150	75.396484	52
75.350650	75.636067	54
75.648567	75.854817	50
75.863150	76.027734	49
76.021484	76.121484	47
76.125650	76.267317	45
76.254817	76.394400	44
76.398567	76.925650	42
77.331900	77.483984	71
77.786067	77.969400	35
77.888150	78.263150	71
78.292317	78.377734	54
78.294400	78.425650	50
78.327734	78.411067	47
78.361067	78.521484	59
78.448567	78.629817	62
78.525650	78.736067	66
78.686067	79.106900	59
79.071484	79.215234	35
79.117317	79.229817	71
79.498567	79.619400	47
79.513150	79.663150	49
79.517317	79.594400	55
79.533984	79.663150	52
79.571484	79.738150	59
79.650650	79.881900	61
79.754817	79.913150	67
79.886067	79.927734	59
80.246484	80.504817	50
80.294400	80.554817	71
80.517317	80.586067	54
80.517317	80.619400	59
80.548567	80.661067	62
80.548567	80.744400	66
80.738150	80.917317	49
80.792317	80.967317	73
80.950650	81.004817	58
80.956900	81.081900	66
80.965234	81.023567	64
80.981900	81.038150	54
81.102734	81.244400	47
81.127734	81.292317	74
81.288150	81.342317	59
81.290234	81.352734	64
81.296484	81.469400	66
81.450650	81.486067	42
81.473567	81.806900	73
81.804817	81.950650	58
81.833984	82.027734	54
81.844400	82.002734	61
81.896484	81.988150	73
81.936067	82.140234	66
82.033984	82.179817	70
82.171484	82.227734	61
82.508984	82.669400	46
82.575650	83.208984	78
82.977734	83.152734	61
82.988150	83.219400	58
83.029817	83.217317	66
83.148567	83.367317	70
83.246484	83.363150	73
83.394400	83.506900	66
83.702734	83.877734	47
83.779817	83.886067	75
84.156900	84.329817	57
84.161067	84.265234	60
84.221484	84.375650	63
84.315234	84.515234	66
84.423567	84.550650	72
84.538150	84.586067	63
84.954817	85.169400	55
84.965234	85.171484	76
85.169661	85.238150	67
85.183984	85.248567	64
85.204817	85.311067	71
85.358984	85.508984	54
85.371484	85.538150	78
85.525650	85.581900	63
85.529817	85.627734	69
85.556900	85.633984	71
85.696484	85.825650	52
85.721484	85.861067	79
85.888150	85.952734	69
85.911067	86.002734	71
86.063150	86.106900	47
86.073567	86.342317	78
86.411067	86.492317	63
86.442317	86.617317	66
86.467317	86.538150	59
86.490234	86.608984	78
86.554817	86.738150	71
86.631900	86.827734	75
86.823567	86.871484	66
87.192317	87.333984	47
87.242317	87.558984	83
87.606900	87.673567	66
87.615234	87.715234	62
87.615234	87.781900	71
87.648567	87.713150	59
87.713150	87.898567	74
87.800650	87.967317	78
87.948567	88.136067	71
88.300650	88.463150	52
88.392317	88.646484	79
88.788150	88.971484	61
88.798567	88.944400	67
88.819400	88.929817	59
88.829817	88.979817	64
88.844400	89.011067	71
88.942317	89.171484	73
89.077734	89.225650	79
89.215234	89.277734	71
89.552734	89.729817	62
89.577734	89.750650	83
89.763150	89.825650	66
89.773567	89.833984	71
89.773567	89.933984	78
89.788150	89.861067	74
89.925650	90.071484	61
89.942317	90.088150	85
90.102734	90.154817	70
90.102734	90.269400	78
90.117317	90.186067	76
90.123567	90.196484	66
90.271484	90.402734	59
90.286067	90.452734	86
90.436067	90.488150	71
90.450650	90.600650	78
90.458984	90.521484	76
90.604817	90.640234	54
90.629817	90.892317	85
90.975650	91.211067	70
91.002734	91.275650	66
91.006900	91.183984	73
91.098567	91.342317	78
91.215234	91.375650	82
91.377734	91.444400	73
91.806900	92.029817	81
92.067317	92.221484	75
92.075650	92.138150	73
92.261067	92.498567	80
92.281900	92.336067	37
92.450650	92.606900	75
92.454817	92.533984	73
92.656900	92.831900	78
92.688150	92.736067	50
92.867317	92.933984	73
93.111067	93.706900	42
93.275650	93.938150	78
93.690234	93.744400	54
93.729817	93.911067	66
93.869400	94.033984	69
93.990234	94.206900	73
94.148567	94.275650	54
94.167317	94.304817	61
94.169400	94.308984	57
94.175650	94.327734	66
94.679817	95.477734	56
95.138150	95.386067	63
95.148567	95.392317	60
95.150650	95.352734	75
95.154817	95.261067	68
95.165234	95.336067	72
95.577734	95.669400	75
95.581900	95.644400	68
95.596484	95.644400	72
95.596484	95.650650	63
95.623567	95.686067	60
96.036067	96.319400	64
96.040234	97.148567	49
96.077734	96.313150	68
96.092317	96.304817	61
96.171484	96.613150	76
96.621484	96.813150	75
96.650650	96.721484	56
96.829817	97.140234	76
96.842317	97.088150	61
97.092317	97.348567	73
97.094400	97.219400	56
97.588150	99.896484	45
97.606900	98.033984	73
97.617317	98.011067	64
98.077734	98.402734	52
98.527734	98.694400	57
98.527734	98.729817	69
98.536067	98.731900	64
98.986067	99.140234	69
99.000650	99.208984	64
99.000650	99.369400	52
99.454817	99.756900	57
99.640234	99.904817	68
99.650650	100.008984	64
99.875650	99.944400	52
99.904817	100.098567	69
99.915234	99.977734	57
100.086067	100.236067	68
100.375650	101.367317	68
100.377734	101.354817	47
100.404817	101.396484	64
100.411067	101.319400	59
100.421484	101.413150	54
101.727734	102.575650	44
101.808984	102.488150	56
101.821484	102.690234	60
102.363150	102.656900	51
102.844400	102.911067	63
103.404817	104.229817	37
103.536067	104.177734	44
103.586067	104.229817	49
103.669400	103.921484	52
103.758984	103.958984	56
103.881900	104.267317	61
