4.684920	4.799498	102
4.687003	4.799498	90
5.220336	5.666167	90
5.224502	5.639083	78
5.757834	6.322417	66
6.014083	6.111998	78
6.239081	6.341170	90
6.266166	6.912002	73
6.453666	6.657836	90
6.684920	6.843253	102
6.689086	6.891166	78
6.907836	7.045333	90
7.118247	7.291167	102
7.130752	7.201583	70
7.314086	7.430747	90
7.499503	7.597419	73
7.543250	7.714080	102
7.739081	7.791167	90
7.955748	8.041167	70
7.959914	8.174498	90
8.155753	8.320334	78
8.361998	8.711997	73
8.378669	8.530753	90
8.570334	8.722419	78
8.764083	8.947417	90
8.974502	9.099502	78
9.180747	9.318252	90
9.180747	10.032836	71
9.366164	9.474502	78
9.562003	9.630752	90
9.572417	9.864081	75
9.770331	9.895331	90
9.955748	10.128669	102
9.974502	10.064086	78
10.132834	10.184920	90
10.355750	10.516166	90
10.361998	10.441169	75
10.564086	10.697417	78
10.755752	10.889083	90
10.755752	11.149497	70
10.922416	11.051581	78
11.120330	11.205748	90
11.139083	11.545340	73
11.299498	11.453666	90
11.495330	11.682837	102
11.536994	11.618247	78
11.695334	11.745337	90
11.909919	12.095328	90
11.914084	11.970328	73
12.116172	12.289084	78
12.343253	12.491172	90
12.543250	12.637000	78
12.718253	13.418250	68
12.737006	12.872413	90
12.928672	13.074500	78
13.128669	13.274497	90
13.128669	13.407828	73
13.318244	13.457831	78
13.495337	13.697410	90
13.512000	13.568244	77
13.524497	13.595328	73
13.699500	13.795340	78
13.910178	14.047416	89
13.928672	14.343253	65
14.091163	14.203666	77
14.295340	14.374503	89
14.295340	14.703666	68
14.487006	14.664084	89
14.678672	14.828666	101
14.693244	14.836997	73
14.872413	14.928672	89
15.055747	15.191169	89
15.076590	15.139090	68
15.234916	15.336997	77
15.439078	15.607840	84
15.439078	15.862006	65
15.614081	15.749503	77
15.797416	16.153663	68
15.803672	15.880744	84
15.970328	16.141166	89
16.166160	16.593253	101
16.187003	16.343253	72
16.351584	16.472419	89
16.530753	16.722419	96
16.543250	16.747413	68
16.718253	16.880744	89
16.930747	17.143256	72
16.947410	17.153663	84
17.187003	17.314078	77
17.364081	17.528663	84
17.368247	17.553672	68
17.534919	17.651587	77
17.707831	17.903663	84
17.722419	18.005744	72
17.872413	17.993247	77
18.062003	18.205756	84
18.239081	18.301581	77
18.424506	18.578666	85
18.430747	18.922416	70
18.430747	18.947410	73
18.443244	18.918250	66
18.609916	18.728660	78
18.789084	18.932837	85
18.951590	19.055747	78
19.147422	19.328666	84
19.157828	19.597419	72
19.174506	19.564078	65
19.178672	19.622413	68
19.336997	19.449500	77
19.507834	19.661994	84
19.568244	19.641166	70
19.695334	19.768256	77
19.859916	20.401587	66
19.870337	20.403663	73
19.874503	20.041160	85
19.880744	20.403663	70
20.089087	20.224494	78
20.255744	20.418250	85
20.432837	20.497413	78
20.639090	20.822410	84
20.641166	21.086997	68
20.645331	21.107840	72
20.653663	21.059913	65
20.828666	20.947410	77
21.014090	21.209922	84
21.209922	21.270331	77
21.370337	21.930747	68
21.422416	21.945334	72
21.428672	21.978660	75
21.461997	21.655753	87
21.674506	21.789084	80
21.870337	22.049506	87
22.064078	22.128669	80
22.245337	22.422416	86
22.245337	22.666160	71
22.245337	22.676581	74
22.264090	22.643256	67
22.426581	22.532828	79
22.612006	22.772422	86
22.801581	22.868247	79
22.924506	23.411994	68
22.974494	23.468253	75
22.978660	23.424506	72
22.989081	23.157828	87
23.187003	23.316169	80
23.370337	23.547416	87
23.570334	23.645331	80
23.755744	24.239081	67
23.764090	24.305747	74
23.776587	23.959922	86
23.816169	24.251578	71
23.987006	24.112006	79
24.176581	24.380744	86
24.362006	24.437003	79
24.541160	24.782828	69
24.549506	24.824500	72
24.555747	24.743247	88
24.557837	24.812003	76
24.755744	24.872413	81
24.943244	25.107840	88
25.137000	25.203666	81
25.318244	25.784919	75
25.326590	25.526587	87
25.326590	25.724494	71
25.339087	25.701590	68
25.539084	25.607840	80
25.722419	25.937003	87
25.903663	26.014090	80
26.086997	26.291160	69
26.091163	26.314078	76
26.091163	26.326590	72
26.093253	26.268256	88
26.286994	26.397422	81
26.474494	26.634910	88
26.672416	26.739081	81
26.862006	27.001578	87
26.866172	26.928672	75
26.866172	26.947410	71
26.880744	26.941169	68
27.072410	27.137000	80
27.239081	27.343253	87
27.418250	27.487006	80
27.607840	27.751578	88
27.626578	27.724494	76
27.628669	27.703666	71
27.637000	27.705756	69
27.803672	27.866172	81
27.995337	28.137000	89
28.007834	28.070334	76
28.014090	28.064078	68
28.180747	28.247413	81
28.359916	28.512000	71
28.364081	28.482840	90
28.547416	28.655753	83
28.734916	28.864081	90
28.739081	28.841163	78
28.757834	28.824500	71
28.766166	28.816169	75
28.916160	28.970328	83
29.112006	29.195334	93
29.116172	29.180747	72
29.116172	29.195334	91
29.116172	29.201590	79
29.120337	29.228660	76
29.253669	29.322410	84
29.455756	29.589087	92
29.457831	29.524497	80
29.457831	29.530753	73
29.637000	29.687003	85
29.816169	29.905753	74
29.820334	29.945334	93
29.839087	29.901587	81
29.999503	30.055747	86
30.197410	30.341163	94
30.199500	30.255744	75
30.203666	30.262000	82
30.364081	30.414084	87
30.547416	30.668250	95
30.562003	30.626578	76
30.568244	30.622413	83
30.724494	30.776587	88
30.887000	30.999503	96
30.897422	30.955756	77
30.903663	30.953666	84
31.066169	31.120337	89
31.230750	31.291160	85
31.234916	31.284919	97
31.234916	31.293250	78
31.370337	31.424506	90
31.530753	31.643256	98
31.541160	31.605750	79
31.553672	31.601584	86
31.682837	31.730750	91
31.793250	31.887000	99
31.807837	31.870337	87
31.826590	31.876578	80
31.932837	31.978660	92
32.076590	32.174506	100
32.095328	32.159919	81
32.103660	32.151587	88
32.226584	32.280753	93
32.364081	32.562003	101
32.411994	32.466163	82
32.411994	32.470328	80
32.601584	32.695334	94
32.807837	32.947410	101
32.828666	32.882834	82
32.830756	32.905753	89
33.012000	33.074500	94
33.176581	33.318244	101
33.178672	33.241172	82
33.184913	33.253669	89
33.347419	33.399497	94
33.507834	33.668250	101
33.514090	33.580756	82
33.518256	33.618247	89
33.687003	33.745337	94
33.851584	33.941169	81
33.851584	33.968253	100
33.855750	33.949500	88
34.009910	34.076590	93
34.149497	34.232840	81
34.151587	34.245337	88
34.161994	34.297416	100
34.289084	34.364081	93
34.428672	34.559913	82
34.428672	34.578666	101
34.501578	34.580756	89
34.618247	34.687003	95
34.739081	34.884910	101
34.768256	34.836997	89
34.776587	34.839087	82
34.878669	34.964087	94
35.078666	35.220328	100
35.089087	35.211997	81
35.095328	35.207831	88
35.245337	35.309913	93
35.397422	35.516166	88
35.399497	35.541160	100
35.403663	35.505744	81
35.559913	35.630744	93
35.720328	35.862006	101
35.730750	35.836997	82
35.745337	35.868247	89
35.859916	35.995337	94
36.022422	36.184913	101
36.028663	36.122413	82
36.034919	36.141166	89
36.164084	36.301581	94
36.280753	36.405753	89
36.284919	36.351584	82
36.341163	36.503669	101
36.472419	36.553672	94
36.607840	36.728660	88
36.616172	36.730750	100
36.622413	36.718253	81
36.734916	36.799506	94
36.893256	37.028663	101
36.928672	37.039084	89
37.047416	37.118247	94
37.172416	37.309913	100
37.182837	37.272422	82
37.199500	37.316169	89
37.324500	37.387000	94
37.459922	37.607840	101
37.476584	37.547416	82
37.480750	37.582831	89
37.626578	37.751578	94
37.716163	37.878669	100
37.739081	37.830756	82
37.747413	37.862006	89
37.864081	38.084922	94
38.012000	38.132834	89
38.024497	38.109916	82
38.032828	38.137000	99
38.164084	38.303672	94
38.291160	38.447410	98
38.297416	38.420340	89
38.303672	38.382834	82
38.449500	38.580756	94
38.570334	38.674506	97
38.570334	38.697410	89
38.589087	38.653663	82
38.674506	38.770331	94
38.816169	38.959922	96
38.866172	38.995337	89
38.878669	38.945334	82
38.999503	39.126578	93
39.134910	39.199500	89
39.139090	39.259910	95
39.151587	39.214087	82
39.270331	39.382834	92
39.484916	39.551581	95
39.559913	39.676581	91
39.691169	39.841163	94
39.709922	40.059913	76
39.857840	39.970328	90
39.999503	40.130744	93
40.028663	40.195334	80
40.043250	40.103660	83
40.147422	40.251578	89
40.272422	40.397422	92
40.305747	40.428672	83
40.424506	40.582831	88
40.562003	40.701590	91
40.591163	40.691169	80
40.718253	40.857840	87
40.899497	40.995337	90
40.911994	41.616172	68
40.987006	41.084922	89
41.112006	41.209922	86
41.237006	41.401587	89
41.253669	41.307837	88
41.266166	41.482840	75
41.401587	41.551581	86
41.536994	41.661994	88
41.564078	41.653663	80
41.676581	41.801581	85
41.836997	42.034919	88
41.855750	42.009910	75
42.014090	42.130744	84
42.164084	42.753669	69
42.178672	42.253669	86
42.297416	42.351584	84
42.439078	42.678672	86
42.476584	42.630744	73
42.599494	42.699500	83
42.720328	42.834922	85
42.764090	42.887000	75
42.866172	42.920340	82
43.016166	43.084922	84
43.016166	43.089087	86
43.030753	43.159919	73
43.147422	43.257834	81
43.307837	43.491172	83
43.334922	43.741172	68
43.468253	43.597419	80
43.603660	43.739081	82
43.655753	43.722419	75
43.759910	43.845328	79
43.901587	44.130744	81
43.953666	44.003669	75
44.057837	44.203666	78
44.211997	44.359916	80
44.393256	44.512000	77
44.580756	45.076590	79
44.582831	45.609916	63
44.816169	45.036994	76
45.005744	45.414084	70
45.043250	45.332831	78
45.299506	45.455756	75
45.501578	45.651587	77
45.551581	45.693244	70
45.678672	45.797416	74
45.872413	46.187003	76
45.922416	45.987006	63
46.105750	46.359916	73
46.334922	47.470328	55
46.347419	46.534919	75
46.555747	46.639090	72
46.709922	46.999503	74
46.734916	47.107840	62
46.893256	46.991172	71
47.041160	47.205756	73
47.057837	47.291160	65
47.207831	47.332831	70
47.414084	47.593253	72
47.445334	47.524497	62
47.645331	47.882834	69
47.834922	48.605750	45
47.909919	48.097419	72
48.303672	48.599494	52
48.364081	48.474494	64
48.380744	48.426581	63
48.524497	48.639090	57
48.709922	48.899497	64
48.720328	48.845328	59
48.907828	49.064078	57
49.089087	49.264090	64
49.105750	49.249503	59
49.268256	49.426581	52
49.459922	49.678672	64
49.476584	49.672416	59
49.628669	50.022422	45
49.651587	49.914084	57
49.864081	50.014090	64
49.874503	50.007834	59
50.057837	50.195334	52
50.228660	52.668250	64
50.243247	51.295340	59
50.451590	50.580756	45
50.605750	50.676581	44
50.747413	50.836997	43
50.841163	50.889090	42
50.961997	51.068244	41
51.055747	51.174506	40
51.130744	51.255744	39
51.284919	51.336997	38
51.368247	51.466163	37
51.516166	51.622413	36
51.630744	51.776587	35
51.751578	51.824500	34
51.893256	51.978660	33
52.001578	52.139090	32
52.147422	52.291160	31
52.272422	52.474494	30
52.468253	54.272422	29
52.882834	53.203666	36
53.161994	53.343253	48
53.166160	53.355750	45
53.172416	53.345328	41
53.382834	53.616172	36
53.589087	53.755744	45
53.595328	53.757834	48
53.609916	53.786994	41
53.809913	54.001578	36
54.026587	54.566169	45
54.030753	54.557837	48
54.041160	54.191169	41
54.245337	54.359916	36
54.503669	55.653663	28
54.776587	55.034919	40
54.980750	55.291160	45
54.982840	55.270331	48
55.222419	55.491172	40
55.443244	55.680747	48
55.443244	55.684913	45
55.647422	55.772422	40
55.884910	56.026587	48
55.901587	56.091163	45
56.059913	56.137000	28
56.118247	56.166160	40
56.357840	57.039084	27
56.366172	56.620337	46
56.380744	56.599494	42
56.614081	56.880744	39
56.841163	57.053672	42
56.849494	57.022422	46
57.089087	57.143256	39
57.291160	57.509910	26
57.301581	57.543250	45
57.303672	57.437003	38
57.316169	57.514090	41
57.539084	57.645331	38
57.576590	57.651587	26
57.762000	57.918250	45
57.780753	57.926581	41
57.991172	58.045340	38
57.995337	58.049506	26
58.226584	58.314078	44
58.234916	58.305747	40
58.253669	58.291160	25
58.266166	58.326590	37
58.455756	58.495337	25
58.455756	58.512000	37
58.455756	58.564078	44
58.472419	58.534919	40
58.893256	59.297416	45
58.899497	59.278663	41
58.899497	59.314078	26
58.907828	59.299506	38
59.416160	59.501578	26
59.609916	59.726584	41
59.614081	59.745337	45
59.620337	59.699500	38
59.812003	59.880744	26
60.043250	60.151587	44
60.045340	60.141166	40
60.062003	60.101584	25
60.066169	60.101584	37
60.509910	60.657828	44
60.516166	60.620337	37
60.516166	60.645331	40
60.524497	60.605750	25
60.934913	61.053672	43
60.943244	61.026587	36
60.943244	61.036994	40
60.943244	61.043250	24
61.153663	61.301581	24
61.159919	61.289084	36
61.172416	61.312003	40
61.172416	61.376578	43
61.580756	61.924506	44
61.582831	61.847419	25
61.582831	61.914084	37
61.586997	61.947410	40
62.012000	62.161994	44
62.014090	62.141166	37
62.030753	62.128669	25
62.034919	62.155753	40
62.464087	62.547416	44
62.474494	62.530753	37
62.476584	62.566169	40
62.478660	62.543250	25
62.693244	62.818244	24
62.693244	62.824500	36
62.693244	62.893256	40
62.697410	62.897422	43
63.143256	63.280753	43
63.149497	63.280753	36
63.149497	63.320334	24
63.149497	63.334922	40
63.605750	63.762000	23
63.624503	63.691169	39
63.634910	63.689078	42
63.634910	63.707831	35
63.643256	63.703666	45
64.053672	64.139090	23
64.064078	64.139090	45
64.068244	64.112006	39
64.076590	64.124503	42
64.076590	64.128669	35
64.520331	64.626578	47
64.530753	64.589087	43
64.536994	64.622413	40
64.614081	64.670340	28
64.768256	65.003669	47
64.778663	65.003669	43
64.789084	65.007834	28
64.793250	64.945334	40
65.226584	65.672416	24
65.232840	65.655753	36
65.239081	65.649497	47
65.251578	65.657828	43
65.739081	65.814078	36
65.741172	65.801581	24
65.757834	65.824500	43
65.757834	65.859916	47
66.172416	66.259910	45
66.172416	66.297416	48
66.193244	66.301581	41
66.207831	66.318244	29
66.422416	66.612006	48
66.428672	66.595328	45
66.432837	66.557837	41
66.432837	66.622413	29
66.878669	67.155753	47
66.878669	67.164084	43
66.884910	67.078666	36
66.884910	67.086997	24
67.305747	67.424506	24
67.309913	67.401587	36
67.312003	67.432837	43
67.312003	67.441169	47
67.716163	67.776587	24
67.728660	67.789084	36
67.734916	67.828666	43
67.734916	67.841163	47
67.959922	68.062003	48
67.970328	68.012000	41
67.970328	68.016166	29
67.970328	68.024497	45
68.430747	68.597419	29
68.432837	68.570334	48
68.437003	68.520331	41
68.439078	68.555747	45
68.895331	68.957831	36
68.895331	68.976584	24
68.907828	68.968253	43
68.914084	68.974494	47
69.122413	69.174506	36
69.122413	69.187003	43
69.122413	69.193244	47
69.126578	69.187003	24
69.324500	69.376578	24
69.336997	69.395331	36
69.353660	69.414084	43
69.357840	69.416160	47
69.791160	69.909919	29
69.799506	69.862006	45
69.799506	69.895331	48
70.018256	70.101584	29
70.018256	70.126578	48
70.022422	70.082831	45
70.028663	70.089087	41
70.230750	70.332831	48
70.243247	70.299506	29
70.253669	70.305747	45
70.466163	70.747413	49
70.468253	70.737006	46
70.476584	70.772422	42
70.484916	70.766166	30
70.847419	71.039084	42
70.853660	71.099494	49
70.855750	71.012000	30
70.862006	71.089087	46
71.259910	71.401587	42
71.268256	71.339087	30
71.270331	71.407828	49
71.272422	71.411994	46
71.489081	71.601584	48
71.501578	71.591163	45
71.501578	71.612006	29
71.516166	71.578666	41
71.943244	72.114081	29
71.947410	72.080756	48
71.957831	72.122413	41
71.959922	72.091163	45
72.393256	72.697410	52
72.399497	72.699500	47
72.405753	72.524497	31
72.409919	72.491172	43
72.862006	73.018256	52
72.864081	72.932837	43
72.868247	72.972419	47
72.868247	73.003669	31
73.307837	73.409919	44
73.307837	73.455756	50
73.318244	73.426581	40
73.324500	73.459922	28
73.543250	73.722419	50
73.547416	73.653663	44
73.555747	73.664084	40
73.564078	73.653663	28
73.976584	74.349494	52
73.982840	74.316169	43
73.984916	74.376578	47
73.987006	74.330756	31
74.426581	74.562003	43
74.430747	74.672416	52
74.432837	74.580756	31
74.451590	74.699500	47
74.847419	74.901587	43
74.847419	74.916160	31
74.847419	74.918250	47
74.847419	74.980750	52
75.072410	75.374503	53
75.078666	75.418250	48
75.080756	75.389090	45
75.093253	75.378669	29
75.097419	75.345328	41
75.534919	75.714087	29
75.534919	75.728660	45
75.534919	75.776587	53
75.534919	75.847419	48
75.543250	75.732840	41
75.987006	76.107840	31
75.991172	76.070334	52
75.997413	76.080756	43
75.997413	76.080756	47
76.407828	76.516166	52
76.422416	76.480750	43
76.422416	76.516166	31
76.422416	76.530753	47
76.855750	76.991172	50
76.862006	76.957831	28
76.864081	76.932837	44
76.868247	76.939078	40
77.097419	77.201590	44
77.099494	77.168250	28
77.103660	77.168250	40
77.105750	77.228660	50
77.543250	77.864081	52
77.545340	77.872413	47
77.559913	77.834922	29
77.564078	77.839087	41
77.978660	78.116172	52
77.982840	78.107840	47
77.997413	78.074500	41
77.999503	78.072410	29
78.387000	78.453666	47
78.389090	78.505744	52
78.555747	78.961997	33
78.601584	78.934913	45
78.620337	78.930747	52
78.630744	78.949500	48
79.028663	79.147422	33
79.030753	79.089087	45
79.045340	79.443244	48
79.053672	79.487006	52
79.474494	79.924506	29
79.780753	79.949500	36
79.914084	79.961997	41
79.959922	80.118247	45
80.051581	80.222419	48
80.139090	80.234916	53
80.251578	80.455756	57
80.378669	80.520331	60
80.441169	80.509910	65
80.495337	80.530753	69
80.524497	80.559913	72
80.547416	80.574500	79
81.432837	81.762000	29
81.661994	81.801581	36
81.755744	81.812003	41
81.816169	81.930747	45
81.907828	82.022422	48
81.978660	82.018256	53
82.062003	82.393256	57
82.143256	82.430747	60
82.270331	82.407828	65
82.355750	82.441169	68
82.443244	82.651587	72
82.524497	83.466163	77
83.451590	83.947410	29
83.514090	83.676581	76
83.784919	83.980750	36
83.939078	83.989081	41
84.007834	84.149497	45
84.103660	84.247413	48
84.197410	84.249503	52
84.280753	84.653663	57
84.362006	84.639090	60
84.512000	84.612006	64
84.549506	84.684913	69
84.630744	84.791160	72
84.732840	85.289084	76
85.584922	85.932837	28
85.818244	85.970328	35
85.943244	86.003669	40
86.016166	86.184913	43
86.112006	86.239081	47
86.201590	86.293250	50
86.301581	86.553672	55
86.403663	86.624503	59
86.522422	86.632834	62
86.591163	86.651587	67
86.653663	86.747413	71
86.728660	86.878669	74
86.834922	87.005744	71
87.014090	87.072410	67
87.022422	87.107840	62
87.045340	87.164084	59
87.166160	87.211997	55
87.191169	87.347419	62
87.336997	87.482840	59
87.457831	87.555747	50
87.484916	87.534919	55
87.518256	87.670340	47
87.622413	87.711997	43
87.678672	87.836997	50
87.832831	87.995337	47
87.993247	88.241172	43
88.130744	88.232840	38
88.205756	88.349494	33
88.239081	88.447410	47
88.397422	89.224494	28
88.797416	89.249503	35
88.972419	89.222419	40
89.009910	89.209922	43
89.109916	89.276587	47
89.184913	89.326590	50
89.670340	90.191169	27
89.887000	90.147422	34
89.991172	90.161994	39
90.064078	90.266166	42
90.166160	90.330756	46
90.262000	90.414084	49
90.634910	91.291160	26
90.864081	91.299506	33
90.999503	91.284919	38
91.055747	91.518256	41
91.134910	91.557837	45
91.220328	91.659919	48
91.670340	92.228660	25
91.964087	92.228660	37
92.134910	92.355750	41
92.180747	92.401587	44
92.289084	92.830756	48
92.728660	94.570334	24
93.178672	94.336997	31
93.357840	94.249503	36
93.543250	93.757834	40
93.672416	93.916160	43
93.849494	94.151587	47
94.074500	94.211997	43
94.222419	94.741172	40
94.461997	94.612006	36
94.634910	94.826590	31
94.826590	95.251578	24
94.991172	95.376578	31
95.147422	95.376578	36
95.286994	95.422416	40
95.428672	95.595328	43
95.564078	95.699500	47
95.705756	95.847419	43
95.843253	95.949500	40
96.009910	96.105750	36
96.091163	96.264090	31
96.259910	96.320334	24
96.476584	96.620337	24
96.824500	96.953666	24
97.161994	97.251578	24
97.480750	97.553672	24
97.772422	97.997413	24
98.105750	98.224494	24
98.424506	98.507834	24
98.428672	98.562003	49
98.768256	98.911994	49
98.770331	98.895331	24
98.774497	98.859916	36
98.930747	99.109916	48
99.105750	99.203666	24
99.105750	99.222419	47
99.107840	99.191169	36
99.253669	99.318244	46
99.418250	99.524497	45
99.434913	99.505744	36
99.439078	99.516166	24
99.743247	99.926581	53
99.747413	99.859916	24
99.759910	99.843253	36
100.064078	100.147422	36
100.064078	100.176581	52
100.064078	100.195334	24
100.291160	100.407828	51
100.324500	100.530753	24
100.409919	100.518256	36
100.414084	100.582831	50
100.578666	100.695334	49
100.722419	100.836997	36
100.722419	100.845328	24
100.739081	100.899497	48
100.911994	101.032828	47
101.068244	101.326590	36
101.068244	101.330756	24
101.405753	101.503669	55
101.418250	101.499503	59
101.441169	101.509910	24
101.453666	101.514090	36
101.720328	101.789084	36
101.726584	101.791160	55
101.726584	101.801581	59
101.726584	101.801581	24
102.051581	102.101584	24
102.053672	102.107840	36
102.059913	102.155753	55
102.064078	102.237006	59
102.387000	102.497413	33
102.434913	102.495337	55
102.443244	102.505744	59
102.574500	102.680747	55
102.586997	102.699500	59
102.764090	102.862006	33
102.945334	103.099494	59
102.947410	103.068244	55
103.114081	103.326590	33
103.120337	103.278663	45
103.466163	103.541160	45
103.474494	103.576590	33
103.474494	103.630744	55
103.474494	103.649497	59
103.484916	103.578666	47
103.484916	103.624503	52
103.501578	103.553672	40
103.830756	103.907828	43
103.845328	103.909919	52
103.845328	103.909919	55
103.849494	103.911994	59
103.853660	103.916160	47
104.018256	104.143256	31
104.028663	104.118247	43
104.028663	104.145331	47
104.028663	104.147422	52
104.028663	104.157828	55
104.028663	104.180747	59
104.218253	104.278663	43
104.224494	104.293250	31
104.384910	104.476584	52
104.387000	104.455756	47
104.393256	104.472419	59
104.399497	104.457831	55
104.566169	104.647422	31
104.568244	104.628669	43
104.897422	104.943244	43
104.897422	104.964087	31
104.905753	104.957831	52
104.907828	104.957831	47
104.907828	104.964087	59
104.918250	104.957831	55
105.230750	105.428672	53
105.239081	105.387000	29
105.245337	105.362006	41
105.249503	105.428672	45
105.249503	105.447410	57
105.597419	105.684913	41
105.597419	105.716163	29
105.597419	105.739081	53
105.605750	105.724494	45
105.605750	105.728660	57
105.955756	106.047416	29
105.957831	106.028663	41
105.961997	106.066169	53
105.968253	106.043250	45
105.982840	106.045340	57
106.155753	106.303672	53
106.161994	106.299506	29
106.161994	106.345328	57
106.168250	106.257834	41
106.170340	106.322410	45
106.509910	107.434913	51
106.516166	107.372413	45
106.516166	107.387000	57
106.551581	107.416160	35
106.553672	106.609916	36
107.843253	109.043250	55
107.845328	109.032828	28
107.847419	109.018256	47
107.851584	109.070334	52
107.857840	109.024497	40
