5.166420	5.356003	69
5.366420	5.524753	74
5.541420	5.731003	76
5.724753	5.908087	77
5.922670	6.022670	62
5.922670	6.260170	76
6.287253	6.353920	74
6.293503	6.372670	65
6.445587	7.668503	74
6.639337	6.703920	69
6.995587	7.049753	65
7.364337	7.683087	58
7.691420	7.860170	62
8.051837	8.133087	65
8.058087	8.139337	69
8.220587	8.341420	74
8.391420	8.566420	76
8.412253	8.470587	62
8.568503	8.803920	77
8.753920	9.206003	57
8.785170	9.108087	76
9.137253	9.212253	64
9.137253	9.278920	74
9.312253	9.451837	76
9.468503	9.564337	69
9.643503	9.703920	73
9.649753	9.770587	77
9.839337	9.908087	64
10.033087	10.478920	77
10.045587	10.468503	74
10.220587	10.710170	62
10.562253	10.749753	65
10.926837	11.078920	57
10.933087	11.049753	69
11.124753	11.293503	62
11.278920	11.314337	65
11.297670	11.491420	64
11.466420	11.678920	65
11.660170	12.137253	46
11.670587	12.010170	64
12.020587	12.124753	62
12.053920	12.131003	53
12.197670	13.310170	62
12.372670	12.437253	58
12.712253	12.756003	53
13.056003	13.901837	43
13.424753	13.741420	50
13.785170	13.933087	55
13.785170	13.951837	57
13.968503	14.174753	62
14.091420	14.243503	50
14.128920	14.320587	64
14.297670	14.512253	65
14.435170	15.156003	45
14.476837	14.806003	64
14.828920	14.918503	52
14.828920	14.972670	62
14.983087	15.081003	64
15.168503	15.243503	57
15.335170	15.487253	61
15.337253	15.589337	69
15.531003	15.589337	52
15.712253	16.260170	65
15.910170	16.333087	50
15.910170	16.339337	38
15.937253	15.989337	40
16.291420	16.491420	45
16.514337	16.883087	57
16.566420	16.853920	36
16.595587	16.806003	62
16.626837	16.935170	48
16.651837	17.037253	65
16.978920	17.049753	36
17.010170	17.295587	67
17.343503	17.397670	34
17.366420	17.426837	46
17.372670	17.447670	69
17.376837	17.418503	65
17.376837	17.433087	57
17.395587	17.445587	62
17.762253	17.906003	81
17.768503	17.862253	69
17.774753	17.833087	74
17.774753	17.864337	77
17.943503	18.078920	81
17.945587	18.083087	69
17.945587	18.085170	74
17.945587	18.087253	77
18.112253	18.314337	46
18.314337	18.474753	53
18.474753	18.562253	50
18.528920	18.681003	69
18.868503	19.293503	69
18.874753	19.708087	45
18.876837	19.178920	57
19.218503	19.324753	48
19.228920	19.385170	65
19.401837	19.556003	60
19.416420	19.512253	57
19.599753	19.741420	53
19.789337	19.878920	48
19.962253	20.131003	65
20.137253	20.291420	67
20.306003	21.047670	43
20.322670	20.439337	69
20.324753	20.374753	57
20.331003	20.422670	65
20.341420	20.389337	62
20.651837	20.837253	50
20.706003	20.812253	81
20.708087	20.824753	77
20.712253	20.776837	69
20.883087	20.933087	69
20.883087	20.956003	77
20.883087	20.970587	81
20.891420	20.931003	74
21.087253	21.181003	55
21.235170	21.435170	50
21.418503	21.537253	69
21.431003	21.520587	57
21.431003	21.537253	65
21.437253	21.474753	62
21.453920	21.503920	43
21.662253	21.987253	57
21.737253	21.997670	60
21.760170	21.928920	65
21.783087	22.424753	41
21.810170	22.199753	69
22.153920	22.281003	48
22.166420	22.320587	65
22.353920	22.501837	60
22.353920	22.503920	57
22.537253	22.651837	53
22.712253	22.910170	48
22.922670	23.070587	62
22.926837	23.051837	57
22.937253	23.020587	41
23.093503	23.212253	61
23.124753	23.203920	64
23.281003	23.345587	34
23.285170	23.606003	65
23.289337	23.633087	57
23.289337	23.635170	62
23.297670	23.397670	46
23.631003	23.831003	46
23.845587	23.949753	62
23.845587	23.962253	65
23.847670	23.910170	57
24.037253	24.226837	53
24.235170	24.376837	58
24.424753	24.506003	69
24.424753	24.528920	77
24.431003	24.510170	74
24.797670	25.387253	46
24.803920	25.174753	77
24.808087	25.060170	68
24.812253	25.178920	58
24.820587	25.145587	74
25.170587	25.424753	53
25.549753	25.653920	76
25.556003	25.691420	58
25.618503	25.818503	77
25.720587	25.914337	76
25.866420	25.931003	53
25.866420	26.124753	74
26.214337	26.316420	73
26.216420	26.333087	76
26.220587	26.683087	45
26.587253	26.753920	52
26.599753	26.708087	57
26.737253	26.864337	61
26.783087	26.837253	57
26.849753	26.889337	64
26.928920	27.018503	61
26.970587	27.028920	69
27.051837	27.156003	73
27.068503	27.135170	64
27.083087	27.151837	62
27.149753	27.199753	76
27.172670	27.243503	69
27.237253	27.333087	81
27.285170	27.381003	73
27.337253	27.470587	85
27.449753	27.541420	76
27.453920	27.585170	88
27.562253	27.643503	81
27.568503	27.651837	91
28.345587	28.522670	81
28.516420	28.737253	86
28.683087	28.853920	88
28.839337	29.026837	89
29.047670	29.470587	88
29.076837	29.587253	74
29.399753	29.474753	86
29.418503	29.524753	77
29.551837	29.645587	86
29.743503	29.818503	81
29.895587	30.020587	86
30.062253	30.233087	98
30.070587	30.224753	94
30.233087	30.289337	86
30.391420	30.497670	81
30.574753	30.668503	77
30.749753	30.968503	74
31.010170	31.070587	70
31.237253	31.516420	62
31.424753	31.603920	65
31.624753	31.803920	76
31.631003	31.733087	62
31.797670	31.983087	77
32.001837	32.301837	76
32.001837	32.489337	58
32.345587	32.478920	62
32.362253	32.501837	74
32.537253	32.741420	76
32.641420	32.762253	65
32.756003	32.849753	70
32.908087	33.056003	77
32.912253	32.987253	73
33.076837	33.170587	65
33.243503	33.845587	77
33.270587	33.745587	74
33.451837	34.183087	57
33.856003	34.081003	64
34.195587	34.337253	69
34.389337	34.520587	74
34.572670	34.714337	76
34.578920	34.631003	64
34.718503	34.833087	77
34.824753	34.899753	76
34.912253	34.966420	77
34.947670	35.522670	55
34.970587	35.353920	76
35.351837	35.426837	74
35.376837	35.445587	62
35.526837	36.787253	74
35.712253	35.862253	67
36.074753	36.168503	58
36.081003	36.170587	62
36.437253	37.170587	57
36.797670	37.181003	61
36.803920	37.014337	64
37.145587	37.326837	69
37.324753	37.472670	73
37.431003	37.514337	64
37.508087	37.695587	76
37.697670	37.885170	77
37.847670	38.364337	57
37.891420	38.301837	76
38.224753	38.322670	64
38.262253	38.320587	74
38.435170	38.547670	74
38.614337	38.747670	69
38.941420	38.987253	64
38.945587	39.341420	73
39.326837	40.199753	50
39.341420	39.695587	74
39.693503	39.943503	57
40.076837	40.414337	77
40.083087	40.251837	62
40.420587	40.466420	57
40.424753	40.560170	79
40.614337	40.958087	69
40.710170	40.931003	72
40.722670	40.976837	77
40.747670	41.743503	53
40.776837	41.006003	81
41.137253	41.268503	60
41.145587	41.249753	81
41.328920	41.608087	81
41.512253	41.745587	65
41.841420	41.949753	81
41.856003	41.960170	60
42.210170	43.220587	52
42.224753	42.616420	79
42.233087	42.641420	67
42.235170	42.649753	64
42.243503	42.576837	72
42.595587	42.758087	76
42.614337	42.768503	60
42.774753	42.893503	72
42.789337	42.893503	67
42.970587	43.174753	64
43.151837	43.351837	60
43.356003	43.501837	72
43.526837	43.666420	74
43.726837	44.012253	76
43.726837	44.831003	50
43.731003	43.997670	72
44.091420	44.310170	57
44.110170	44.172670	72
44.114337	44.214337	76
44.287253	44.503920	76
44.301837	44.541420	72
44.468503	44.824753	62
44.824753	44.899753	57
44.831003	44.981003	77
45.218503	46.233087	48
45.256003	45.599753	76
45.301837	45.381003	72
45.606003	45.828920	57
45.620587	45.774753	72
45.814337	46.003920	69
45.995587	46.172670	60
46.166420	46.364337	57
46.389337	46.533087	69
46.574753	46.758087	71
46.739337	47.097670	47
46.783087	47.047670	72
47.124753	47.347670	57
47.145587	47.458087	53
47.160170	47.226837	72
47.189337	47.245587	71
47.320587	47.572670	72
47.499753	47.697670	62
47.845587	47.901837	57
47.849753	48.281003	72
47.866420	47.914337	53
48.212253	48.912253	52
48.253920	48.612253	71
48.601837	48.866420	56
48.618503	48.795587	59
48.991420	49.056003	71
48.991420	49.199753	64
49.072670	49.137253	72
49.141420	49.203920	71
49.216420	49.272670	72
49.253920	49.360170	59
49.293503	49.366420	56
49.299753	49.347670	71
49.343503	49.410170	72
49.424753	49.476837	71
49.474753	49.624753	69
49.601837	49.751837	71
49.739337	50.101837	72
49.751837	50.808087	45
50.118503	50.416420	52
50.478920	50.778920	57
50.481003	50.906003	64
50.491420	50.862253	60
50.845587	51.028920	52
51.220587	52.385170	43
51.235170	51.658087	55
51.245587	51.956003	64
51.245587	51.974753	71
51.251837	51.814337	59
51.603920	51.966420	52
52.031003	52.216420	55
52.039337	52.193503	60
52.214337	52.366420	65
52.406003	52.603920	67
52.424753	52.491420	52
52.603920	52.870587	69
52.816420	53.243503	41
52.835170	53.141420	67
53.228920	53.341420	67
53.420587	53.933087	67
53.612253	53.870587	48
53.810170	53.960170	53
54.008087	54.141420	65
54.383087	54.695587	40
54.389337	54.672670	65
54.733087	54.964337	48
54.974753	55.443503	64
55.183087	55.347670	55
55.378920	55.464337	48
55.581003	55.978920	64
55.797670	55.862253	36
55.797670	56.014337	38
55.933087	56.068503	45
55.978920	56.251837	62
56.362253	56.914337	50
56.370587	56.451837	62
56.547670	56.935170	62
56.737253	56.899753	57
56.918503	57.028920	53
57.106003	57.312253	64
57.281003	57.581003	65
57.497670	57.931003	44
57.520587	58.066420	64
57.920587	57.995587	52
58.072670	58.560170	62
58.297670	58.433087	59
58.489337	58.641420	52
58.701837	59.099753	64
59.047670	59.487253	57
59.058087	59.487253	45
59.106003	59.539337	60
59.472670	59.743503	52
59.860170	60.233087	43
59.864337	60.241420	55
59.872670	60.253920	60
60.289337	60.356003	52
60.599753	60.858087	57
60.678920	61.285170	41
60.691420	61.143503	53
60.733087	61.024753	60
61.128920	61.291420	48
61.522670	61.689337	69
61.535170	61.614337	53
61.706003	61.908087	71
61.897670	62.097670	72
62.087253	62.295587	74
62.310170	62.891420	57
62.318503	62.695587	72
62.697670	63.033087	64
62.720587	63.056003	60
63.085170	63.228920	69
63.262253	63.399753	71
63.420587	63.608087	72
63.606003	63.856003	74
63.778920	64.837253	55
63.824753	64.203920	72
64.191420	64.795587	64
64.214337	64.887253	60
64.564337	64.762253	67
64.749753	64.903920	71
64.924753	65.120587	72
65.112253	65.374753	74
65.324753	66.195587	53
65.343503	65.670587	72
65.706003	66.151837	65
65.722670	66.174753	60
65.739337	66.141420	57
66.118503	66.497670	72
66.137253	66.522670	67
66.524753	67.028920	65
66.541420	66.999753	57
66.543503	66.997670	60
66.935170	67.151837	72
66.939337	67.101837	67
67.547670	67.708087	79
67.618503	67.778920	84
67.660170	67.766420	86
67.733087	67.989337	65
67.739337	67.914337	91
67.749753	68.153920	57
67.762253	68.139337	60
67.837253	67.972670	86
67.947670	68.006003	84
68.143503	68.251837	74
68.293503	68.435170	72
68.426837	68.522670	67
68.547670	69.541420	52
68.570587	69.026837	72
68.914337	69.349753	55
69.293503	69.601837	72
69.306003	69.551837	60
69.306003	69.693503	67
69.312253	69.560170	64
69.660170	70.016420	55
70.037253	70.406003	67
70.041420	70.347670	64
70.041420	70.347670	72
70.068503	70.249753	60
70.416420	70.743503	55
70.651837	70.828920	67
70.770587	71.089337	72
70.801837	70.981003	64
70.816420	71.085170	60
71.095587	71.456003	74
71.443503	71.539337	72
71.649753	71.974753	72
71.660170	72.639337	50
72.043503	72.358087	53
72.058087	72.176837	57
72.385170	72.735170	69
72.397670	72.772670	65
72.401837	72.581003	62
72.803920	72.858087	57
72.808087	72.866420	53
72.972670	73.258087	65
73.056003	73.412253	69
73.147670	73.537253	43
73.162253	73.964337	72
73.528920	73.583087	50
73.924753	74.212253	62
73.931003	74.414337	55
73.962253	74.381003	71
73.981003	74.393503	67
74.349753	74.420587	59
74.726837	75.049753	62
74.743503	75.087253	67
74.749753	74.997670	71
75.349753	75.818503	55
75.474753	75.814337	59
75.526837	75.801837	67
75.539337	75.766420	62
75.724753	75.903920	72
75.895587	76.108087	74
76.085170	76.360170	79
76.308087	76.616420	74
76.316420	77.333087	48
76.666420	76.724753	72
76.678920	76.928920	55
76.853920	76.999753	72
77.051837	77.199753	67
77.060170	77.285170	60
77.245587	77.412253	72
77.395587	77.601837	74
77.428920	77.618503	55
77.574753	77.885170	79
77.766420	78.083087	47
77.799753	78.047670	74
78.156003	78.233087	72
78.176837	78.508087	55
78.349753	78.639337	79
78.539337	78.762253	62
78.722670	78.914337	84
78.914337	79.099753	86
78.922670	78.987253	55
79.099753	79.214337	91
79.203920	79.256003	86
79.278920	79.389337	91
79.303920	79.708087	45
79.310170	79.366420	43
79.326837	79.768503	86
79.699753	79.781003	84
79.872670	80.178920	84
80.056003	81.085170	57
80.070587	80.360170	64
80.424753	80.589337	60
80.774753	81.178920	72
80.776837	80.983087	64
80.776837	81.218503	69
81.120587	81.174753	60
81.343503	81.918503	55
81.472670	81.972670	60
81.485170	81.993503	64
81.520587	81.772670	71
81.739337	81.935170	72
81.933087	82.097670	71
82.093503	82.297670	72
82.285170	82.693503	65
82.301837	82.695587	71
82.301837	83.524753	53
82.306003	82.628920	57
82.337253	82.526837	60
82.676837	82.749753	69
82.866420	83.037253	69
83.058087	83.420587	65
83.112514	83.206003	71
83.118503	83.187253	72
83.278920	83.431003	72
83.466420	83.660170	71
83.501837	83.564337	60
83.660170	83.822670	72
83.845587	85.022670	52
83.858087	84.212253	71
83.889337	84.316420	64
84.243503	84.439337	55
84.249753	84.314337	67
84.441420	84.739337	67
84.628920	84.814337	64
84.847670	85.024753	60
85.045587	85.095587	55
85.316420	85.424753	64
85.514337	86.474753	50
85.526837	85.822670	65
85.945587	86.166420	53
86.141420	86.693503	64
86.308087	86.453920	57
86.522670	86.633087	53
86.731003	86.833087	60
87.012253	88.287253	43
87.068503	87.489337	53
87.076837	87.437253	50
87.128920	87.587253	57
87.137253	87.595587	62
87.526837	87.951837	50
87.920587	88.360170	67
87.945587	88.278920	59
87.949753	88.370587	62
87.953920	88.201837	55
88.345587	88.401837	50
88.706003	88.847670	36
88.733087	89.020587	67
88.743503	89.076837	64
89.143503	89.593503	48
89.158087	89.247670	67
89.199753	89.262253	60
89.343503	89.553920	60
89.356003	89.591420	67
89.556003	89.720587	55
89.737253	89.893503	48
89.941420	90.031003	60
90.203920	91.283087	47
90.245587	90.718503	55
90.353920	90.741420	67
90.364337	90.758087	62
90.751837	90.818503	60
90.953920	91.135170	60
90.953920	91.187253	67
91.141420	91.278920	59
91.310170	91.456003	55
91.631003	91.785170	60
91.787253	91.851837	46
92.035170	93.058087	45
92.047670	92.374753	67
92.058087	92.424753	62
92.447670	92.514337	60
92.476837	92.574753	53
92.656003	92.820587	60
92.656003	92.987253	67
92.839337	93.049753	57
93.043503	93.162253	53
93.237253	93.366420	67
93.253920	93.303920	59
93.639337	94.685170	43
93.643503	94.097670	55
93.645587	94.143503	67
93.660170	94.145587	60
94.078920	94.445587	52
94.458087	94.883087	59
94.474753	94.653920	55
94.893503	94.964337	60
95.297670	95.728920	60
95.297670	95.803920	57
95.303920	95.556003	48
95.312253	95.718503	53
95.312253	96.543503	41
95.718503	96.535170	48
95.953920	96.526837	57
96.026837	96.478920	60
96.103920	96.537253	53
96.112253	96.462253	69
96.803920	97.085170	55
96.868503	97.020587	60
96.922670	97.851837	40
96.926837	97.385170	52
96.937253	97.172670	67
96.995587	97.093503	48
97.124753	97.281003	62
97.322670	97.493503	60
97.516420	97.839337	55
97.728920	97.876837	52
97.903920	98.060170	48
98.116420	98.166420	40
98.137253	98.199753	55
98.408087	99.878920	38
98.472670	98.745587	53
98.512253	99.253920	50
98.528920	99.064337	45
98.751837	98.878920	57
98.889337	98.943503	60
99.024753	99.195587	65
99.149753	99.368503	69
99.287253	99.478920	72
99.445587	99.653920	77
99.468503	99.918503	50
99.528920	99.653920	45
99.599753	99.770587	72
99.728920	99.862253	69
99.862253	99.916420	65
100.024753	100.191420	60
100.189337	100.308087	57
100.326837	100.893503	43
100.364337	100.968503	50
100.416420	100.887253	55
101.128920	102.131003	43
101.222670	102.078920	50
101.333087	102.131003	60
101.335170	102.056003	57
101.335170	102.168503	53
102.518503	102.953920	52
102.599753	102.833087	55
102.616420	103.210170	36
102.674753	103.206003	60
103.074753	103.249753	43
103.308087	103.362253	48
103.510170	103.578920	52
103.514337	103.660170	53
103.685170	103.983087	57
103.978920	104.433087	60
104.214337	104.253920	56
104.301837	104.635170	55
104.560170	104.839337	52
104.881003	105.320587	48
105.178920	105.306003	52
105.312253	105.439337	55
105.497670	105.547670	60
105.683087	105.797670	64
105.835170	105.991420	67
106.003920	106.156003	72
106.181003	106.347670	67
106.356003	106.468503	64
106.603920	107.670587	60
106.899753	107.074753	64
107.116420	107.697670	67
107.326837	107.681003	72
107.599753	107.926837	76
107.881003	108.141420	79
108.162253	108.278920	86
108.395587	109.270587	60
108.485170	109.214337	64
108.520587	109.218503	76
108.537253	109.270587	67
108.601837	109.253920	72
108.624753	109.233087	84
108.660170	109.303920	88
