1.474450	1.586950	37
1.528617	3.072367	68
2.072367	2.370283	56
2.393200	2.618200	60
2.653617	2.799450	63
2.897367	3.003617	60
3.109867	3.182783	56
3.228617	3.284867	70
3.311950	3.409867	72
3.339033	3.632783	49
3.376533	3.714033	70
3.720283	3.968200	56
3.755700	3.976533	68
3.980700	4.164033	60
4.189033	4.339033	66
4.205700	4.653617	73
4.434867	4.653617	60
4.574450	5.132783	75
4.830700	5.126533	56
5.101533	5.470283	49
5.116117	5.566117	77
5.489033	5.784867	56
5.745283	5.897367	65
6.009867	7.103617	68
6.266117	6.459867	65
6.605700	6.664033	56
7.003617	7.361950	49
7.041117	7.668200	80
7.418200	7.482783	56
7.666117	7.749450	65
7.932783	8.536950	68
8.170283	8.289033	65
8.457783	8.516117	56
8.766117	9.172367	66
8.797367	9.191117	78
9.078617	9.261950	63
9.311950	9.526533	56
9.566117	9.868200	65
9.593200	9.834867	77
9.855700	10.057783	61
10.124450	10.328617	56
10.397367	11.122367	75
10.409867	10.684867	63
10.720283	10.839033	60
10.939033	11.020283	56
11.201533	11.497367	61
11.220283	11.522367	77
11.491117	11.701533	56
11.818200	11.878617	53
11.922367	12.322367	73
12.203617	12.570283	44
12.299450	14.095283	68
12.609867	12.805700	51
12.855700	13.039033	56
13.122367	13.270283	60
13.386950	13.453617	56
13.689033	13.774450	51
13.999450	14.195283	42
14.103617	16.336950	70
14.447367	14.516117	54
14.714033	14.851533	58
14.957783	15.057783	61
15.207783	15.309867	58
15.484867	15.551533	54
15.797367	16.049450	46
16.068200	16.528617	53
16.293200	16.536950	58
16.518200	16.701533	62
16.751533	16.886950	58
17.009867	17.068200	53
17.199450	17.259867	71
17.236950	17.639033	46
17.276533	17.334867	73
17.332783	17.680700	71
17.651533	17.697367	58
17.697367	17.968200	70
17.966117	18.201533	62
18.278617	18.511950	68
18.332783	18.722367	75
18.597367	18.776533	62
18.709867	19.347367	77
18.955700	19.022367	58
19.268200	19.432783	51
19.332783	20.264033	78
19.659867	19.828617	66
19.920283	19.972367	58
20.170283	20.668200	53
20.195283	20.472367	77
20.453617	20.716117	65
20.768200	20.839033	57
21.020283	21.474450	54
21.047367	21.891117	75
21.316117	21.503617	63
21.591117	21.647367	58
21.859867	22.389033	56
21.899450	23.174450	77
22.191117	22.366117	66
22.570283	22.686950	60
23.005700	23.422367	49
23.101533	24.001533	73
23.472367	23.691117	56
23.732783	23.949450	61
24.009867	24.268200	65
24.276533	24.572367	61
24.422367	24.653617	72
24.605700	24.793200	73
24.766117	24.822367	56
24.768200	24.943200	75
24.922367	25.264033	73
25.120283	25.689033	51
25.247367	25.730700	77
25.641117	25.893200	55
25.884867	26.122367	61
26.147367	26.311950	63
26.399450	26.528617	61
26.676533	26.739033	55
26.814033	26.955700	75
27.114033	27.539033	44
27.226533	30.647367	75
27.576533	27.786950	51
27.826533	28.009867	56
28.049450	28.211950	60
28.299450	28.439033	56
28.551533	28.741117	51
28.847367	29.251533	44
29.205700	29.445283	51
29.493200	29.693200	54
29.809867	30.022367	56
30.176533	30.426533	54
30.520283	30.659867	58
31.051533	31.374450	44
31.134867	32.070283	68
31.461950	31.678617	51
31.716117	31.949450	56
31.947367	32.099450	60
32.186950	32.339033	56
32.395283	32.447367	51
32.530700	32.603617	70
32.624450	32.966117	44
32.651533	32.703617	72
32.682783	32.999450	70
32.991117	33.039033	56
33.036950	33.182783	68
33.270283	33.436950	60
33.511950	33.751533	66
33.568200	33.918200	73
33.789033	34.003617	60
33.903617	34.372367	75
34.093200	34.153617	56
34.341117	34.697367	49
34.370283	35.295283	77
34.684867	34.870283	56
34.930700	35.041117	65
35.211950	35.484867	68
35.466117	35.705700	65
35.764033	35.930700	56
36.120283	36.493200	49
36.220283	36.780700	80
36.526533	36.595283	56
36.789033	36.868200	65
37.074450	37.507783	68
37.349450	37.461950	65
37.641117	37.699450	56
37.959867	38.295283	66
37.986950	38.489033	78
38.259867	38.443200	63
38.518200	38.745283	56
38.772367	39.093200	65
38.799450	39.086950	77
39.072367	39.272367	61
39.343200	39.486950	56
39.645283	39.982783	63
39.732783	39.816117	75
39.770283	39.826533	74
40.018200	40.153617	60
40.268200	40.341117	56
40.293200	40.407783	77
40.382783	40.511950	75
40.518200	40.670283	73
40.591117	41.053617	61
40.620283	40.801533	75
40.776533	41.034867	77
41.018200	41.220283	56
41.334867	41.420283	53
41.524450	41.845283	73
41.820283	42.132783	44
41.857783	43.693200	68
42.168200	42.399450	51
42.436950	42.657783	56
42.703617	42.864033	60
42.978617	43.039033	56
43.274450	43.339033	51
43.626533	43.818200	42
43.709867	46.391117	70
44.078617	44.147367	54
44.357783	44.549450	58
44.618200	44.749450	61
44.895283	44.972367	58
45.191117	45.251533	54
45.509867	45.818200	46
45.878617	46.245283	53
46.105700	46.336950	58
46.368200	46.551533	62
46.624450	46.786950	58
46.859867	46.918200	53
47.051533	47.109867	71
47.107783	47.505700	46
47.116117	47.251533	73
47.214033	47.605700	71
47.524450	47.576533	58
47.593200	47.870283	70
47.874450	48.091117	62
48.166117	48.409867	68
48.289033	48.661950	75
48.520283	48.697367	62
48.661950	49.243200	77
48.886950	48.941117	58
49.174450	49.303617	51
49.220283	50.141117	78
49.532783	49.703617	66
49.801533	49.874450	58
50.084867	50.449450	53
50.101533	50.409867	77
50.397367	50.599450	65
50.695283	50.759867	57
51.005700	51.411950	54
51.016117	51.941117	75
51.318200	51.507783	63
51.622367	51.680700	58
51.909867	52.432783	56
51.951533	53.170283	77
52.276533	52.441117	66
52.645283	52.714033	60
53.045283	53.426533	49
53.134867	53.601533	73
53.455700	53.695283	56
53.745283	53.951533	61
54.026533	54.253617	65
54.257783	54.422367	61
54.439033	54.597367	67
54.559867	54.718200	68
54.632783	54.757783	56
54.682783	54.868200	70
54.822367	55.132783	68
54.955700	55.284867	49
55.124450	56.347367	77
55.407783	55.599450	56
55.666117	55.874450	60
55.909867	56.061950	66
56.159867	56.341117	60
56.439033	56.570283	56
56.593200	56.676533	75
56.814033	57.103617	49
56.859867	58.530700	75
57.143200	57.218200	56
57.397367	57.564033	60
57.674450	57.772367	66
57.916117	58.070283	60
58.199450	58.414033	56
58.439033	58.686950	49
58.480700	58.801533	73
58.751533	58.957783	56
58.999450	59.218200	61
59.232783	59.436950	65
59.480700	59.770283	61
59.666117	59.751533	80
59.914033	60.014033	56
60.220283	60.418200	39
60.330700	60.834867	63
60.653617	60.966117	51
60.911950	61.145283	56
61.176533	61.320283	60
61.432783	61.570283	56
61.703617	61.751533	51
61.907783	62.068200	72
61.978617	62.166117	39
62.022367	62.874450	70
62.389033	62.678617	51
62.693200	62.903617	55
62.878617	63.168200	69
63.078617	63.182783	61
63.118200	64.195283	70
63.461950	63.636950	55
64.097367	64.414033	75
64.324450	64.626533	44
64.411950	64.970283	68
64.734867	64.947367	51
65.026533	65.249450	56
65.305700	65.528617	60
65.316117	66.151533	84
65.584867	65.749450	56
66.214033	66.545283	49
66.536950	66.780700	56
66.566117	66.803617	82
66.784867	66.920283	80
66.809867	66.974450	61
66.943200	67.001533	76
67.018200	67.214033	64
67.053617	67.116117	73
67.176533	67.497367	70
67.324450	67.593200	61
67.626533	67.830700	56
67.907783	68.155700	49
68.045283	68.089033	80
68.397367	68.620283	39
68.511950	69.039033	63
68.851533	69.153617	51
69.109867	69.330700	56
69.357783	69.522367	60
69.597367	69.772367	56
69.834867	69.891117	51
70.051533	70.174450	72
70.122367	70.326533	39
70.147367	70.982783	70
70.524450	70.809867	51
70.791117	71.007783	55
70.986950	71.326533	69
71.186950	71.407783	61
71.305700	72.176533	70
71.601533	71.776533	55
71.911950	71.995283	51
72.109867	74.041117	75
72.341117	72.724450	44
72.449450	75.166117	68
72.757783	73.009867	51
73.020283	73.276533	56
73.268200	73.461950	60
73.549450	73.701533	56
73.841117	73.899450	51
74.132783	74.311950	42
74.247367	75.347367	70
74.578617	74.880700	54
74.886950	75.145283	58
75.209867	75.495283	61
75.297367	75.630700	73
75.568200	75.757783	58
75.634867	75.993200	72
75.882783	75.936950	54
75.926533	76.286950	70
76.168200	76.474450	44
76.232783	77.520283	68
76.495283	76.661950	51
76.734867	76.945283	56
76.978617	77.147367	60
77.230700	77.386950	56
77.464033	77.584867	51
77.595283	77.697367	70
77.678617	77.947367	44
77.699450	77.805700	72
77.761950	78.078617	70
78.053617	78.309867	51
78.084867	78.341117	68
78.343200	78.522367	60
78.580700	78.909867	73
78.803617	78.932783	60
78.928617	79.470283	75
79.153617	79.280700	56
79.422367	79.749450	49
79.470283	80.305700	77
79.770283	79.839033	56
79.984867	80.218200	61
80.226533	80.443200	65
80.482783	80.651533	61
80.753617	80.897367	56
81.001533	81.332783	49
81.091117	81.932783	80
81.393200	81.559867	56
81.620283	81.736950	65
81.889033	82.978617	68
82.153617	82.320283	65
82.451533	82.507783	56
82.782783	83.166117	66
82.891117	83.695283	78
83.166117	83.359867	63
83.428617	83.655700	56
83.649450	83.949450	65
83.691117	83.905700	77
83.943200	84.143200	61
84.203617	84.268200	56
84.449450	84.770283	75
84.459867	84.686950	63
84.741117	84.891117	60
84.793200	84.926533	77
84.893200	85.003617	75
84.905700	84.970283	56
85.009867	85.080700	73
85.084867	85.299450	75
85.184867	85.545283	61
85.274450	85.549450	77
85.511950	85.724450	56
85.772367	85.849450	53
85.924450	86.218200	73
86.124450	86.520283	44
86.193200	88.166117	68
86.509867	87.053617	51
86.774450	87.080700	56
87.051533	87.320283	60
87.330700	87.505700	56
87.661950	87.720283	51
88.045283	88.253617	42
88.149450	90.632783	70
88.559867	88.720283	54
88.805700	89.109867	54
89.107783	89.364033	58
89.349450	89.511950	61
89.591117	89.753617	58
89.845283	89.893200	54
90.120283	90.376533	46
90.405700	90.720283	53
90.622367	90.874450	58
90.866117	91.041117	62
91.103617	91.278617	58
91.347367	91.403617	53
91.459867	91.524450	71
91.539033	91.678617	73
91.576533	91.920283	46
91.618200	91.984867	71
91.941117	91.989033	58
91.961950	92.293200	70
92.224450	92.436950	62
92.505700	92.855700	68
92.626533	93.036950	75
92.884867	93.061950	62
93.005700	93.566117	77
93.222367	93.301533	58
93.474450	93.641117	51
93.553617	94.451533	78
93.843200	94.043200	66
94.105700	94.172367	58
94.336950	94.822367	53
94.403617	94.722367	77
94.670283	94.891117	65
94.955700	95.024450	57
95.243200	95.647367	54
95.284867	96.205700	75
95.572367	95.786950	63
95.857783	95.911950	58
96.141117	96.697367	56
96.205700	97.486950	77
96.514033	96.720283	66
96.886950	96.999450	60
97.322367	97.720283	49
97.416117	98.078617	73
97.755700	97.997367	56
98.078617	98.372367	61
98.397367	98.670283	65
98.678617	98.945283	61
98.845283	99.018200	67
99.014033	99.149450	68
99.086950	99.143200	56
99.141117	99.341117	70
99.305700	99.599450	68
99.466117	99.834867	49
99.580700	100.801533	77
99.882783	100.070283	56
100.155700	100.366117	60
100.414033	100.591117	66
100.684867	100.886950	60
100.968200	101.053617	56
101.111950	101.220283	75
101.320283	101.616117	49
101.416117	105.309867	75
101.699450	101.907783	56
101.997367	102.214033	60
102.270283	102.426533	66
102.564033	102.691117	60
102.868200	102.947367	56
103.164033	103.345283	49
103.482783	103.801533	56
103.886950	104.118200	60
104.272367	104.441117	66
104.680700	104.866117	60
105.166117	105.220283	56
106.005700	107.739033	49
106.011950	107.772367	73
106.026533	107.526533	65
106.028617	107.574450	68
106.028617	107.659867	61
106.030700	107.611950	56
