3.195075	4.959663	53
3.478400	3.749274	57
3.724250	4.149238	60
3.965888	4.238837	65
4.247138	4.736762	69
4.474250	4.861762	60
4.738837	4.984687	65
5.015937	5.988837	69
5.286750	6.855476	53
5.551337	5.805488	57
5.801337	6.324226	60
6.026313	6.399238	65
6.307563	6.630500	69
6.570075	6.934638	60
6.826362	6.905524	65
7.084663	7.822150	69
7.351325	9.061774	50
7.620063	8.320075	57
7.865913	8.303413	62
8.099250	8.382575	65
8.378425	8.718024	69
8.611762	9.111762	62
8.888862	9.113837	65
9.126350	9.917976	69
9.384650	10.980476	50
9.645087	10.653388	57
9.870063	10.580512	62
10.126350	10.374274	65
10.390937	10.913825	69
10.655524	10.915900	62
10.928413	11.268012	65
11.226325	11.836738	69
11.553413	13.367988	46
11.859687	12.776313	53
12.084663	12.676337	58
12.336738	12.588813	62
12.595100	12.853400	69
12.607612	12.872138	65
12.849250	13.318000	58
13.093024	13.303413	62
13.361762	13.715888	69
13.386726	13.878425	65
13.628425	15.207587	46
13.911750	15.186774	53
14.117988	14.682563	58
14.361762	14.603400	62
14.624274	14.847175	69
14.624274	14.880500	65
14.857612	15.274238	58
15.145087	15.380500	62
15.397163	15.745063	69
15.407600	15.976325	65
15.661750	18.238837	48
15.913825	16.824226	55
16.182563	16.663825	60
16.413825	16.630500	64
16.684638	16.870063	72
16.684638	16.955512	67
16.949226	17.338813	60
17.222175	17.426337	64
17.492988	17.574226	67
17.505500	17.580512	72
17.655524	18.315925	60
17.757575	17.824226	64
17.843024	18.101325	67
17.905524	20.324226	72
20.249274	21.015937	53
20.309638	21.345100	69
20.609687	20.836738	57
20.863837	21.132575	60
21.101325	21.288825	65
21.628425	21.849250	65
21.895087	22.111762	60
22.140937	22.245063	57
22.409675	23.563850	53
22.638862	22.905524	69
22.711738	22.897163	57
22.903388	23.097175	60
22.907600	23.405524	70
23.140937	23.301337	65
23.382575	23.607612	60
23.397163	23.930488	69
23.620063	23.815925	57
23.863837	24.399238	67
24.097175	24.295112	52
24.347175	25.542976	50
24.372138	24.876350	65
24.617988	25.288825	57
24.899238	25.318000	62
25.145087	25.338813	64
25.393012	25.684638	65
25.620063	26.132575	64
25.872138	26.090888	62
26.095100	26.328437	57
26.359687	27.809638	50
26.599250	27.022163	57
26.855476	27.401313	62
27.080512	27.201362	65
27.349250	27.572150	65
27.588813	27.818000	67
27.828437	28.013862	65
27.857612	27.986762	62
28.063850	28.349250	64
28.068000	28.124274	57
28.349250	29.065925	62
28.384650	29.074226	46
28.620063	28.880500	53
28.880500	29.097175	58
29.093024	29.407600	53
29.401313	29.595100	58
29.701362	29.907600	60
29.984687	30.303413	62
30.480476	31.326362	46
30.768012	31.024238	53
30.982612	31.234687	58
31.230476	31.542976	53
31.474250	32.232612	60
31.770087	32.003425	53
32.011726	32.259650	46
32.292976	32.451362	53
32.388862	32.784675	67
32.768012	34.007575	53
32.824226	33.426337	69
33.134650	33.290900	57
33.347175	33.747138	60
33.607612	33.867988	65
33.855476	34.645087	69
34.128425	34.313850	60
34.359687	34.590888	57
34.605476	34.936774	72
34.826362	36.563850	52
34.913825	35.503425	67
35.136726	35.386726	55
35.407600	36.688850	60
35.649238	36.622138	64
35.955512	36.472175	79
35.959663	36.440925	72
35.970100	36.332587	67
36.984687	37.455512	53
36.995063	38.847175	84
37.005500	38.849250	81
37.268012	37.488837	60
37.538825	37.615913	65
37.784675	37.949226	69
38.009650	38.159675	72
38.240913	38.297187	69
38.509650	38.761726	65
38.753425	38.992988	60
38.988837	39.409675	53
39.218024	39.453437	60
39.459663	39.680488	86
39.461738	39.838813	82
39.463813	39.580512	65
39.713813	39.899238	69
39.930488	40.057563	72
39.936774	40.365913	81
39.945075	40.405524	84
40.153388	40.205512	69
40.395087	40.580512	65
40.411750	40.920112	82
40.430488	40.570075	79
40.649238	40.697150	60
40.884650	41.268012	50
40.920112	42.945075	77
40.924262	42.820075	81
41.167976	41.353400	57
41.401313	41.476325	62
41.636726	41.849250	65
41.863837	42.007575	69
42.082587	42.151313	65
42.340888	42.522163	62
42.559638	42.815925	57
42.820075	43.153388	50
43.038825	43.234687	57
43.274238	43.363837	62
43.297187	43.651313	82
43.305488	43.734687	79
43.520087	43.713813	65
43.734687	43.863837	69
43.751350	43.865913	81
43.763862	43.999274	77
43.959663	44.007575	65
44.213813	44.390937	62
44.215888	44.740913	79
44.220100	44.682563	76
44.451362	44.499274	57
44.701362	45.174262	77
44.705512	44.938850	46
44.705512	45.082587	74
44.932563	45.026313	53
45.143012	45.209663	62
45.151313	45.632575	76
45.386726	45.853400	58
45.622138	45.859687	65
45.634650	46.128425	74
45.851325	46.076362	62
46.082587	46.138862	70
46.105476	46.609687	76
46.570075	47.028388	48
46.626350	47.136726	77
46.857612	47.038825	55
47.093024	47.170112	60
47.330512	47.518012	64
47.595100	47.963813	67
47.607612	47.759650	76
47.772163	47.830512	77
47.865913	47.920112	76
47.940925	47.982612	77
48.013862	48.070075	76
48.095100	48.213813	77
48.165900	48.270087	76
48.270087	48.432563	74
48.424262	48.603400	76
48.561774	49.018012	53
48.586738	49.778388	77
48.893012	49.055488	60
49.111762	49.174262	65
49.380500	49.553413	69
49.624274	49.799262	72
49.847175	50.940925	69
50.111762	50.874274	77
50.338813	50.478400	81
50.605476	50.649238	89
50.613837	50.659675	84
52.574226	53.034675	41
52.836738	53.038825	48
53.065925	53.176337	69
53.086738	53.159675	53
53.315925	53.432563	69
53.322150	53.480476	57
53.557563	53.853400	69
53.603400	53.722175	60
53.778388	53.915900	57
54.034675	54.601325	69
54.403388	55.745063	53
54.438850	55.165900	57
54.565925	55.176337	60
54.580512	55.040900	67
55.032600	55.309638	65
55.280524	55.595100	64
55.515937	55.836738	60
55.755500	56.055488	57
55.992988	56.526313	67
56.430488	57.201362	50
56.492988	56.938850	69
56.720100	57.036750	57
56.970100	57.053413	65
57.203437	57.645087	65
57.455512	57.617988	57
57.672187	57.988837	50
57.943000	58.093024	57
57.947150	58.703437	64
58.209663	58.274238	50
58.465888	60.018012	50
58.682563	59.509650	60
59.199226	59.390937	53
59.440925	59.670112	57
59.705512	60.013862	53
59.930488	60.001350	62
60.155524	60.222175	57
60.426337	60.984687	46
60.665900	61.057563	53
60.897163	61.030524	69
61.134650	61.280524	69
61.367988	61.720100	69
61.611762	61.699226	60
61.853400	62.328437	69
62.349250	62.780524	70
62.365913	62.903388	62
62.395087	62.922187	58
62.807563	63.009650	69
63.051337	63.784675	67
63.274238	63.430488	58
63.488837	63.576362	62
63.757575	64.336982	65
64.213813	64.718024	36
64.305488	64.699226	67
64.745063	64.813850	48
64.751350	64.820075	65
65.001350	65.363837	65
65.220100	65.751350	48
65.443000	65.751350	55
65.659675	65.786750	65
65.686774	65.763862	58
65.959663	67.426337	48
66.068000	66.238837	67
66.084663	67.370063	55
66.097175	67.347175	58
66.174262	66.363837	72
66.230476	66.415900	79
68.042976	68.624274	41
68.051337	68.209663	69
68.051337	68.326362	72
68.272163	68.345100	67
68.507575	68.630500	48
68.509650	68.605476	67
68.761726	70.486762	69
68.986762	69.611762	53
69.220100	69.430488	60
69.440925	69.547187	65
69.680488	69.740913	57
69.905524	70.332587	45
70.155524	70.320075	52
70.403388	70.457587	57
70.645087	70.851325	61
70.884650	71.026313	64
70.893012	71.184638	69
71.124274	71.170112	61
71.124274	71.365913	67
71.359687	71.576362	65
71.599250	71.826362	64
71.805488	72.701362	50
71.834663	72.307563	60
71.838813	72.407600	65
72.115913	72.311774	53
72.322150	72.653388	57
72.570075	72.699226	60
72.790900	74.292976	65
72.795112	74.013862	60
73.280524	73.336738	53
73.776313	75.063850	48
74.042976	74.259650	53
74.286750	74.624274	57
74.497138	74.849250	53
74.770087	75.084663	65
75.034675	75.155524	57
75.270087	75.401313	53
75.561774	75.799262	64
75.795112	77.384650	46
75.811774	76.545112	65
76.095100	76.505500	50
76.297187	76.876350	53
76.561774	77.436774	58
76.818000	76.895087	62
77.315925	77.722175	65
77.828437	78.436774	48
77.834663	78.590888	64
78.311774	78.563850	55
78.555488	78.824226	58
78.803413	79.257575	62
79.018012	79.097175	58
79.278388	79.378425	55
79.288825	79.867988	64
79.770087	80.265937	41
79.830512	80.693000	65
79.834663	80.288825	60
80.088813	80.274238	48
80.351325	80.420112	53
80.595100	80.859687	57
80.843024	81.365913	60
81.082587	81.613837	65
81.290900	81.445075	69
81.549262	81.624274	72
81.732612	81.826362	69
81.765937	83.213813	53
81.772163	82.503425	72
81.786750	82.188850	65
81.826362	81.926337	60
81.826362	82.447150	77
82.265937	82.749274	60
82.776313	83.074226	69
82.788825	83.180488	65
83.893012	84.345100	53
84.176337	84.382575	60
84.430488	84.511726	65
84.672187	84.909675	69
84.907600	86.365913	81
84.915900	86.082587	77
85.136726	85.307563	72
85.351325	85.465888	69
85.605476	85.851325	65
85.855476	86.180488	53
86.074226	86.276313	60
86.336738	86.415900	65
86.555488	86.745063	69
86.576362	86.786750	82
86.588813	86.782600	79
86.799262	86.949226	81
86.807563	87.082587	77
86.811774	86.978400	72
87.024238	87.218024	69
87.242988	87.763862	79
87.249274	87.751350	76
87.511726	87.578437	65
87.513862	87.565925	69
87.747138	88.347175	77
87.759650	88.224250	74
87.759650	88.865913	62
88.028388	88.845100	65
88.270087	88.726325	69
88.499274	88.665900	72
88.730476	88.968024	77
88.732612	88.934638	74
88.972175	89.820075	72
89.211738	89.438850	69
89.430488	89.538825	65
89.688850	90.665900	62
89.911750	90.280524	65
90.159675	90.411750	69
90.361762	90.763862	65
90.630500	90.886726	77
90.853400	91.107612	79
90.903388	91.057563	69
91.076362	91.340888	77
91.120063	91.201362	65
91.305488	91.593024	76
91.561774	92.472175	58
91.586738	92.309638	74
91.824226	92.047187	62
92.076362	92.461799	65
92.305488	92.517951	70
92.547126	93.430549	74
92.792976	92.951301	70
93.038825	93.176276	65
93.280524	93.347175	62
93.497199	93.693000	60
93.530524	94.036750	72
93.755500	93.853400	67
93.982551	94.151374	70
94.232551	94.459724	67
94.480476	94.555549	64
94.501350	95.203376	79
94.734626	94.947150	60
94.986701	95.051276	64
95.224250	95.470100	72
95.455451	95.851325	53
95.478400	96.301276	81
95.480476	96.136726	77
95.713874	95.870124	60
95.940925	96.007575	65
96.197150	96.351325	69
96.409675	96.545051	72
96.634650	96.684699	69
96.870124	97.059699	65
97.099250	97.149299	60
97.340949	97.743049	48
97.357551	98.832526	76
97.368049	98.859626	79
97.593024	97.765876	55
97.834724	97.930549	60
98.097175	98.424201	62
98.363776	98.705451	67
98.395026	98.761726	64
98.874274	99.003425	62
99.176276	101.001350	77
99.251350	101.072150	81
99.320075	99.763801	53
99.338874	101.042976	84
99.603400	99.753425	60
99.815925	99.890876	65
100.047126	100.215949	69
100.288825	100.426276	72
100.505500	100.557624	69
100.720100	100.945075	65
100.949226	101.213874	60
101.203376	101.636726	53
101.447150	101.674201	60
101.670051	101.932624	86
101.670051	102.011726	82
101.684699	101.774299	65
101.905524	102.080451	69
102.126350	102.303474	72
102.126350	102.638801	84
102.130500	102.561774	81
102.361701	102.490974	69
102.580451	103.111701	82
102.599250	102.776374	79
102.826301	103.103400	64
103.057624	103.870124	62
103.088874	103.457526	81
103.088874	103.528449	77
103.330451	103.847175	69
103.578376	103.826301	74
103.790900	103.959724	76
104.022224	104.188850	77
104.022224	104.253425	81
104.249274	104.993049	76
104.486701	104.634650	74
104.703376	104.861701	69
104.953376	105.524299	62
105.180549	105.451301	69
105.409675	105.724250	82
105.422126	105.907600	79
105.665900	105.813850	74
105.888801	106.026374	81
105.897224	106.128425	77
106.107551	106.249274	69
106.357551	106.811774	76
106.357551	106.876350	79
106.580451	106.651374	62
106.849250	107.351325	77
106.859626	107.195075	74
106.870124	107.482551	58
107.099250	107.474250	65
107.340949	107.849250	76
107.542976	107.613776	70
107.820075	108.301276	74
108.297126	108.486701	76
108.572150	110.072150	60
108.701301	109.582526	67
108.740974	109.568000	70
108.763801	108.986701	72
108.863776	109.374274	77
109.820075	110.032600	70
109.851325	110.295051	76
110.320075	110.576301	74
110.568000	110.880500	76
110.824226	111.605476	53
110.882575	111.222175	77
111.109626	111.547126	60
111.363776	111.526374	65
111.588874	111.730476	67
111.849250	112.130500	69
112.093024	113.407600	67
112.309699	112.420051	65
112.563850	112.626350	60
112.855476	113.074226	53
113.809699	114.453376	48
113.828376	114.413825	41
114.611701	114.892951	60
114.678474	114.845100	63
114.736701	114.990974	67
114.761726	115.568000	48
114.803474	115.463874	72
115.070075	115.309699	55
115.288825	115.490974	60
115.501350	115.586799	55
115.540900	115.649299	63
115.749274	115.938850	60
115.970100	116.109626	55
116.201301	116.424201	48
116.430549	116.505500	51
116.695075	117.130500	41
116.938850	117.132575	48
117.157600	117.503425	74
117.159675	117.230476	53
117.376350	117.588874	57
117.615974	118.057624	69
117.624274	118.003425	65
117.684699	117.740974	60
117.838874	118.009650	57
118.070075	118.170051	60
118.084724	118.336799	70
118.088874	118.351325	67
118.297126	118.343024	57
118.411750	118.872199	65
118.474250	118.674201	69
118.547126	120.720100	72
118.549201	118.792976	46
118.807624	119.372199	53
119.049201	119.167976	62
119.234626	119.413825	58
119.465949	119.615974	62
119.661750	119.801276	58
119.932624	120.034675	53
120.411750	120.638801	45
120.645026	120.870124	53
120.826301	120.980476	65
120.857551	121.022224	57
120.886726	121.042976	69
120.913825	121.224250	74
121.136726	121.313850	60
121.359626	121.561774	57
121.392951	121.895026	72
121.624274	121.868049	53
121.836799	122.363776	69
122.226325	122.715949	38
122.345100	124.274299	65
122.578376	122.763801	45
122.822150	122.880500	50
123.055549	123.257575	53
123.309699	123.515876	57
123.524299	123.655524	62
123.732551	123.880500	57
123.970100	124.030524	53
124.226325	124.836799	46
124.438850	124.663825	53
124.651374	124.832526	58
124.667976	125.051276	62
124.897224	125.105476	53
125.122199	125.280524	58
125.145026	125.501350	65
125.355476	125.534675	53
125.570075	125.778449	50
125.830451	125.936774	69
125.936774	126.080451	70
126.055549	127.828376	69
126.061774	126.482551	41
126.330451	126.495124	48
126.570075	126.632575	53
126.801276	127.105476	57
127.078376	127.361701	65
127.088874	127.351325	60
127.542976	127.684699	57
127.788825	128.084724	72
128.026374	128.384650	48
128.074226	128.395026	64
128.074226	128.468024	67
128.334724	128.526374	55
128.559699	129.236701	58
128.797126	128.993049	62
129.057624	129.263801	48
129.063850	129.305549	62
129.072150	129.357551	67
129.095100	129.170051	55
129.582526	129.726325	48
129.605476	129.747199	55
129.913825	130.990974	72
129.978400	130.163825	75
130.038825	131.534675	79
130.090949	130.436774	48
130.126350	132.178474	84
130.390876	130.557624	55
130.628425	130.688850	62
130.888801	131.155524	63
131.111701	131.401374	67
131.355476	131.532600	72
131.570075	131.747199	67
131.818000	131.874274	63
132.078376	132.503425	53
132.307624	132.520026	60
132.457526	132.601325	77
132.507575	132.645026	81
132.522224	132.609626	65
132.551276	132.872199	86
132.753425	132.980476	69
133.001350	133.153449	72
133.028449	133.743049	84
133.261726	133.395026	77
133.459724	133.603400	72
133.667976	133.720100	69
133.713874	133.984626	81
133.957526	134.503425	58
133.961799	134.276374	77
134.222175	134.490974	62
134.463874	134.568000	70
134.678474	134.770026	65
134.924201	135.161750	70
135.365974	135.453376	70
135.386726	135.470100	65
135.395026	135.472175	62
135.682624	136.995124	58
135.815925	137.005500	62
135.855476	137.011726	70
135.859626	137.040900	65
136.340949	136.888801	74
136.840949	137.136726	77
137.299201	137.534675	81
137.524299	137.805549	82
137.720100	138.201301	53
137.801276	139.761726	81
138.042976	138.199226	60
138.288825	138.357551	65
138.532600	138.788825	69
138.790900	139.074226	72
139.232551	139.315925	69
139.732551	140.786750	60
139.757575	140.357551	79
140.215949	140.684699	67
140.461799	140.788825	70
140.693000	141.097175	77
141.145026	141.199226	67
141.163825	141.728400	76
141.632575	142.557624	53
141.686774	141.965949	77
141.930549	142.307624	60
142.172126	142.386726	65
142.388801	142.557624	69
142.628425	142.801276	77
142.634650	142.849250	72
142.857551	142.980476	69
143.122199	143.605476	65
143.353400	143.553474	69
143.636726	144.828376	72
143.638801	144.778449	77
144.520026	144.586799	53
144.530524	144.659675	41
145.017951	145.070075	48
145.032600	145.118049	36
145.478400	145.597175	29
145.499274	145.615974	41
145.968024	146.055549	69
146.001350	146.065925	72
146.201301	146.328376	72
146.205451	146.345100	69
146.426276	147.022224	53
146.434699	146.540900	69
146.695075	146.853400	60
146.905524	147.007575	65
146.922126	147.320075	72
146.928474	147.224250	69
147.147224	147.186774	60
147.413825	147.686774	41
147.422126	147.803474	70
147.426276	147.774299	67
147.630500	147.684699	48
147.868049	147.999274	69
147.880500	147.978400	65
148.113776	148.645026	69
148.126350	148.484626	65
148.328376	148.695075	53
148.555549	148.690925	60
149.090949	149.280524	69
149.107551	149.178474	65
149.267951	149.767951	38
149.303474	149.647224	65
149.318000	149.538825	67
149.522224	149.749274	45
149.765876	149.838874	50
149.782600	149.870124	64
150.009650	150.368049	64
150.228400	150.797126	50
150.447150	150.782600	57
150.684699	150.905524	65
150.688850	150.872199	62
150.903449	151.151374	64
150.903449	151.180549	67
151.138801	152.042976	50
151.186774	151.647224	65
151.190925	151.640876	62
151.649299	151.865974	57
151.859626	152.232551	62
152.113776	152.267951	57
152.328376	152.428474	50
152.588874	153.136726	62
153.061774	153.207526	31
153.068000	153.247199	43
153.542976	153.622199	70
153.547126	153.607551	65
153.767951	153.870124	65
153.772224	153.899299	70
153.995124	154.255500	70
153.999274	154.142951	65
154.007575	154.538825	50
154.222175	154.511726	58
154.459724	154.945075	69
154.493049	154.651374	53
154.955451	155.530524	50
154.957526	155.559699	58
154.965949	155.386726	67
154.965949	155.557624	53
155.405524	155.697150	65
155.647224	156.311774	64
155.847175	156.005500	58
156.120124	156.297126	53
156.318000	156.624274	65
156.640876	156.997199	60
156.718024	156.934699	36
156.738776	157.051276	64
156.757575	156.988776	48
156.840949	157.065925	67
157.276374	157.380500	67
157.280524	157.353400	60
157.505500	157.809699	67
157.511726	157.909675	60
157.730476	158.028449	58
157.738776	157.970100	48
157.970100	158.253425	55
158.209724	158.386726	69
158.474250	159.351325	48
158.565925	158.915900	60
158.634650	159.376350	55
158.659675	159.632575	64
158.722175	160.417976	67
159.172126	159.432624	58
159.636726	159.872199	48
159.645026	159.840949	55
159.949226	160.345100	64
160.676276	161.903449	45
160.922126	161.459724	52
161.172126	161.626350	57
161.438850	161.559699	69
161.657600	162.124274	69
161.930549	162.197150	57
162.147224	162.311774	52
162.147224	162.559699	64
162.407600	162.480476	45
162.426276	162.515876	57
162.624274	163.370124	45
162.634650	163.424201	57
162.740974	162.820075	69
163.417976	163.520026	69
163.645026	163.840949	45
163.645026	163.892951	69
163.649299	163.920051	57
163.672126	163.886726	52
163.872199	164.138801	67
164.113776	164.334724	65
164.334724	164.630500	64
164.595100	165.074226	50
164.597175	165.047126	57
164.615974	164.988776	53
164.630500	165.047126	65
164.630500	165.072150	62
165.109626	165.193000	53
165.303474	166.068000	65
165.324226	165.728400	62
165.574226	166.036750	57
165.582526	166.082526	53
165.588874	165.936774	48
166.080451	166.224250	64
166.334724	167.932624	47
166.461799	167.988776	53
166.532600	167.990974	57
166.557624	167.345100	62
166.657600	167.428474	65
167.951301	168.074226	81
168.028449	168.155524	79
168.115974	168.365974	77
168.370124	168.676276	76
168.630500	169.865974	58
168.655524	170.005500	77
169.090949	169.859626	62
169.522224	169.997199	70
169.551276	170.011726	65
170.220100	171.388801	58
170.286750	171.453376	61
170.382575	171.384650	70
170.384650	171.440925	65
170.468024	170.909675	77
170.943000	171.426276	79
171.407600	172.015876	77
172.163825	172.455451	76
172.432624	172.899299	53
172.440925	174.449226	77
172.715949	172.917976	60
172.965949	173.063850	65
173.213874	173.436774	69
173.455451	173.590949	72
173.647224	173.707526	69
173.915900	174.167976	65
174.186774	174.395026	60
174.432624	176.157600	53
174.653449	176.184699	60
174.924201	176.082526	65
175.178474	175.490974	69
175.561774	176.257575	72
176.632575	178.476325	53
176.699226	177.542976	69
176.997199	177.172126	57
177.218024	177.597175	60
177.490974	177.747199	65
177.726325	178.026374	69
177.949226	178.361701	60
178.209724	178.457526	65
178.457526	179.095100	69
178.703376	179.761726	53
178.953376	179.163825	57
179.188850	179.461799	60
179.388801	179.520026	65
179.407600	179.663825	70
179.657600	179.976325	69
179.892951	180.061774	60
180.140876	180.674201	67
180.405524	180.451301	60
180.651374	181.674201	50
180.663825	181.184699	65
180.905524	181.093024	53
181.149299	181.549201	57
181.384650	181.601325	62
181.655524	182.103400	65
181.884650	182.115974	57
182.151374	182.380500	62
182.395026	183.155524	69
182.415900	183.099250	65
182.653449	183.870124	50
182.892951	183.276374	57
183.132575	183.465949	62
183.363776	183.609626	65
183.761726	183.832526	62
183.834724	184.074226	67
184.065925	184.290900	65
184.274299	184.324226	57
184.284675	184.551276	64
184.532600	184.945075	62
184.555549	185.363776	46
184.786750	185.263801	53
185.059699	185.388801	58
185.303474	185.538825	62
185.547126	185.776374	65
185.755500	186.011726	58
186.024299	186.318000	62
186.272224	186.707526	65
186.513801	187.368049	48
186.743049	187.051276	55
187.005500	187.163825	60
187.240974	187.338874	60
187.478400	187.974250	60
187.718024	187.955451	55
187.955451	188.451301	67
187.959724	188.118049	48
188.178474	188.220100	55
188.432624	189.024299	41
188.449226	188.774299	65
188.453376	188.797126	69
188.697150	189.034675	48
188.924201	189.038825	53
189.188850	189.318000	57
189.438850	189.653449	60
189.676276	189.767951	57
189.920051	190.057624	53
190.193000	190.243049	48
190.484626	190.888801	36
190.586799	191.715949	67
190.599250	191.640876	64
190.938850	191.011726	48
191.255500	194.424201	52
191.705451	194.353400	60
192.205451	192.274299	72
192.218024	192.263801	64
193.322150	193.488776	88
193.424201	193.555549	91
193.509650	193.547126	96
196.834724	197.111701	64
196.836799	197.899299	48
196.838874	197.911750	53
196.847175	197.120124	57
196.863776	197.957526	41
197.063850	197.880500	65
197.078376	197.797126	60
