3.900960	4.030127	43
4.750960	5.342627	55
4.759294	5.286377	65
4.769710	4.913460	82
4.773877	4.938460	70
5.173877	5.303044	74
5.471794	5.561377	63
5.482210	5.640544	58
5.482210	5.778044	77
5.765544	6.711377	75
6.467627	6.669710	42
7.305127	8.209294	54
7.415544	8.142627	63
7.494710	7.771794	70
7.496794	7.671794	82
7.946794	8.173877	73
8.221794	8.311377	62
8.230127	8.550960	75
8.238460	8.382210	57
8.557210	8.844710	74
8.861377	8.955127	43
9.378044	9.532210	82
9.398877	9.603044	55
9.405127	9.594710	65
9.411377	9.519710	70
9.919710	10.205127	74
10.105127	10.171794	63
10.123877	10.188460	58
10.190544	10.471794	77
10.432210	10.682210	75
10.650960	10.750960	41
11.196794	11.928044	53
11.217627	11.855127	63
11.255127	11.471794	80
11.288460	11.513460	68
11.767627	12.317627	73
12.007210	12.169710	56
12.017627	12.088460	59
12.261377	12.755127	75
12.748877	13.578044	74
13.103044	13.240544	39
13.646794	13.875960	51
13.671794	13.805127	79
13.686377	13.882210	62
13.698877	13.880127	67
14.053044	14.225960	71
14.278044	14.523877	74
14.280127	14.340544	60
14.290544	14.336377	55
14.496794	14.671794	72
14.713460	14.773877	36
15.100960	15.253044	58
15.128044	15.305127	73
15.138460	15.221794	61
15.192627	15.275960	48
15.309294	15.400960	68
15.484294	15.525960	56
15.500960	15.740544	70
15.515544	15.584294	51
15.713460	15.953044	69
15.961377	16.096794	38
16.382210	16.517627	60
16.382210	16.528044	75
16.386377	16.517627	50
16.396794	16.457210	63
16.417627	16.515544	55
16.580127	16.721794	71
16.755127	17.044710	74
16.767627	16.809294	54
16.992627	17.384294	72
17.342627	17.557210	38
17.925960	18.150960	63
17.925960	18.305127	57
17.930127	18.150960	67
18.171794	18.315544	62
18.363460	18.430127	50
18.375960	18.548877	69
18.380127	18.490544	61
18.380127	18.609294	66
18.548877	18.596794	60
18.821794	18.936377	43
18.836377	18.982210	55
18.863460	19.040544	70
18.867627	18.986377	58
19.336377	19.859294	55
19.455127	19.609294	82
19.469710	19.603044	70
19.478044	19.836377	67
19.725960	19.875960	74
19.900960	19.950960	63
19.903044	19.971794	58
19.907210	20.123877	77
20.103044	20.371794	75
20.334294	20.448877	42
20.698877	20.817627	63
20.700960	20.798877	54
20.707210	20.805127	81
20.723877	20.828044	69
20.903044	20.996794	73
21.059294	21.253044	75
21.090544	21.140544	57
21.242627	21.355127	74
21.411377	21.490544	43
21.740544	21.855127	82
21.748877	21.825960	70
21.778044	21.863460	65
21.921794	22.005127	74
22.069710	22.140544	63
22.080127	22.263460	77
22.088460	22.142627	58
22.246794	22.478044	75
22.448877	22.519710	41
22.880127	23.013460	80
22.880127	23.294710	63
22.890544	23.286377	53
22.894710	23.040544	68
23.113460	23.255127	73
23.363460	23.453044	56
23.375960	23.586377	75
23.386377	23.438460	59
23.605127	24.132210	74
23.838460	23.882210	39
24.205127	24.367627	51
24.211377	24.328044	79
24.230127	24.348877	67
24.244710	24.363460	62
24.425960	24.571794	71
24.588460	24.807210	74
24.594710	24.655127	60
24.605127	24.644710	55
24.782210	24.905127	72
24.955127	25.021794	36
25.303044	25.461377	58
25.317627	25.530127	72
25.328044	25.440544	60
25.369710	25.446794	48
25.488460	25.613460	68
25.648877	25.686377	56
25.648877	25.830127	70
25.661377	25.705127	51
25.813460	25.884294	69
25.971794	26.038460	38
26.296794	26.444710	50
26.311377	26.450960	60
26.323877	26.492627	75
26.330127	26.519710	55
26.338460	26.403044	63
26.496794	26.650960	71
26.673877	26.732210	54
26.705127	26.938460	74
26.909294	27.169710	72
27.148877	27.240544	38
27.571794	27.728044	66
27.575960	27.644710	54
27.773877	27.896794	61
27.984294	28.103044	50
27.992627	28.113460	48
28.003044	28.167627	63
28.230127	28.409294	62
28.432210	28.471794	50
28.432210	28.492627	43
28.440544	28.490544	67
28.448877	28.488460	58
28.792627	28.855127	31
28.800960	28.855127	43
28.817627	28.942627	60
28.834294	28.896794	55
28.944710	29.063460	58
29.065544	29.209294	57
29.225960	29.321794	55
29.365544	29.407210	50
29.371794	29.457210	67
29.373877	29.417627	43
29.403044	29.446794	58
29.655127	29.869710	51
29.675960	29.867627	60
29.692627	29.765544	55
29.705127	29.890544	43
29.840544	30.032210	58
29.857210	29.959294	50
30.007210	30.155127	57
30.159294	30.207210	55
30.269710	30.542627	51
30.284294	30.453044	43
30.284294	30.544971	48
30.298877	30.507210	65
30.450960	30.642627	60
30.569710	30.661377	57
30.617627	30.673877	63
30.778044	30.896794	54
30.917627	31.046794	60
31.019710	31.069710	63
31.175960	31.217627	66
31.330127	31.417627	71
31.361377	31.423877	72
31.500960	31.542627	43
31.500960	31.555127	55
31.500960	31.667627	77
31.646794	31.807210	75
31.790544	31.915544	63
31.794710	31.955127	74
31.944710	32.050960	72
32.100960	32.140544	62
32.103044	32.207210	55
32.111377	32.171794	70
32.111377	32.200960	79
32.411377	32.555127	72
32.415544	32.482210	43
32.415544	32.488460	55
32.428044	32.500960	67
32.561377	32.686377	70
32.688460	32.825960	69
32.832210	32.946794	67
32.998877	33.115544	79
33.000960	33.084294	62
33.000960	33.090544	55
33.009294	33.132210	70
33.309294	33.525960	63
33.321794	33.553044	72
33.328044	33.617627	55
33.334294	33.459294	67
33.496794	33.711377	70
33.503044	33.609294	62
33.667627	33.815544	69
33.809294	33.890544	67
33.930127	34.205127	63
33.940544	34.109294	55
33.940544	34.238460	60
33.961377	34.173877	77
34.096794	34.282210	72
34.246794	34.346794	69
34.253044	34.392627	75
34.413460	34.534294	66
34.561377	34.684294	72
34.659294	34.723877	75
34.823877	34.915544	78
34.984294	35.107210	84
35.134294	35.192627	55
35.134294	35.217627	67
35.144710	35.309294	89
35.296794	35.448877	87
35.432210	35.492627	75
35.440544	35.615544	86
35.600960	35.717627	84
35.767627	36.432210	67
35.771794	36.384294	74
35.780127	35.850960	91
35.788460	35.825960	82
36.715544	37.069710	96
36.719710	37.130387	91
37.071794	37.290544	94
37.298877	37.428044	86
37.661377	38.000960	75
37.669710	37.923877	63
37.682210	37.903044	94
37.684294	38.017627	90
37.700960	37.921794	66
37.746794	37.963460	69
37.957210	38.134294	93
38.148877	38.196794	86
38.165544	38.325960	74
38.307210	38.392627	82
38.332210	38.434294	78
38.450960	38.513460	62
38.471794	38.663460	81
38.619710	38.855127	74
38.836377	39.290544	55
38.882210	39.130127	84
38.894710	39.123877	79
39.109294	39.165544	82
39.263460	39.363460	86
39.307210	39.505127	62
39.407210	39.565544	96
39.430127	39.534294	91
39.571794	39.615544	74
39.575960	39.698877	94
39.744710	39.823877	86
39.878044	40.063460	75
39.880127	40.017627	94
39.903044	39.982210	63
39.903044	40.096794	90
39.913460	40.067627	69
39.940544	40.009294	66
40.046794	40.167627	93
40.184294	40.232210	86
40.203044	40.375960	74
40.342627	40.486377	82
40.367627	40.436377	78
40.513460	40.584294	62
40.528044	40.738460	81
40.723877	40.978044	74
40.965544	41.769710	55
40.978044	41.453044	84
41.000960	41.488460	79
41.411377	41.734294	82
41.709294	41.840544	74
41.984294	42.269710	67
42.011377	42.236377	72
42.238460	42.461377	70
42.255127	42.359294	55
42.478044	42.782210	62
42.753044	43.115544	43
42.788460	43.046794	72
42.846794	43.048877	67
43.034294	43.096794	70
43.196794	43.315544	74
43.225960	43.423877	50
43.359294	43.521794	84
43.392627	43.569710	79
43.530387	43.586377	62
43.538460	43.665544	82
43.696794	43.798877	74
43.855127	44.013460	82
43.855127	44.025960	63
43.875960	43.965544	51
43.875960	44.078044	78
43.886377	44.044710	57
43.911377	43.967627	54
44.028044	44.148877	81
44.167627	44.211377	74
44.192887	44.342627	62
44.330127	44.394710	70
44.355127	44.417627	66
44.503044	44.571794	50
44.503044	44.667627	69
44.661377	44.950960	62
44.878044	45.355127	43
44.950960	45.198877	72
44.984294	45.194710	67
45.182210	45.244710	70
45.340544	45.448877	74
45.373877	45.584294	50
45.482210	45.632210	84
45.505127	45.669710	79
45.638460	45.690544	62
45.653044	45.773877	82
45.796794	45.898877	74
45.938460	46.084294	82
45.938460	46.096794	63
45.963460	46.040544	51
45.969710	46.146794	78
45.971794	46.071794	54
46.105127	46.230127	81
46.238460	46.284294	74
46.248877	46.357210	62
46.388460	46.446794	66
46.388460	46.571794	70
46.509294	46.580127	50
46.567627	46.707210	69
46.686377	46.823877	62
46.823877	46.967627	43
46.871794	47.073877	72
46.903044	47.094710	67
47.061377	47.140544	70
47.236377	47.334294	74
47.246794	47.475960	58
47.261377	47.538460	50
47.405127	47.546794	84
47.413460	47.640544	79
47.575960	47.730127	82
47.740544	47.800960	74
47.905127	48.082210	81
47.909294	48.075960	37
47.913460	48.096794	49
47.919710	48.011377	74
48.071794	48.117627	79
48.246794	48.296794	70
48.273877	48.384294	50
48.280127	48.434294	38
48.413460	48.548877	75
48.417627	48.594710	70
48.586377	48.753044	74
48.744710	48.836377	67
48.890544	48.978044	31
48.894710	48.963460	43
48.911377	49.111377	72
48.928044	49.132210	67
49.088460	49.217627	70
49.225960	49.313460	62
49.250960	49.517627	50
49.286377	49.592627	38
49.411377	49.590544	69
49.425960	49.548877	62
49.578044	49.684294	67
49.744710	49.805127	58
49.915544	49.953044	37
49.930127	50.065544	63
49.942627	50.000960	58
50.082210	50.228044	62
50.242627	50.284294	38
50.242627	50.348877	55
50.419710	50.607210	60
50.436377	50.619710	55
50.588460	50.732210	58
50.786377	50.965544	50
50.940544	51.748877	43
50.944710	51.732210	31
50.971794	51.123877	60
50.996794	51.161377	55
51.134294	51.248877	58
51.280127	51.378044	50
51.419710	51.584294	62
51.463460	51.653044	55
51.600960	51.713460	60
51.713460	51.978044	36
51.740544	51.846794	51
51.942627	52.140544	60
51.950960	52.225960	55
51.980127	52.700960	43
51.984294	52.709294	31
52.125960	52.275960	58
52.296794	52.390544	50
52.432210	52.596794	62
52.484294	52.678044	55
52.621794	52.717627	60
52.682210	52.782210	36
52.736377	52.813460	51
52.894710	53.071794	60
52.921794	53.078044	55
52.936377	53.661377	43
52.936377	53.721794	31
53.069710	53.196794	58
53.234294	53.288460	50
53.367627	53.530127	62
53.411377	53.582210	55
53.532210	53.661377	60
53.663460	53.869710	36
53.694710	53.780127	51
53.855127	54.069710	60
53.863460	54.711377	43
53.867627	54.744710	31
53.882210	54.073877	55
54.034294	54.146794	58
54.173877	54.269710	50
54.323877	54.496794	62
54.357210	54.565544	55
54.490544	54.653044	60
54.521794	54.575960	59
54.665544	54.813460	51
54.678044	55.103044	36
55.113460	55.548877	31
55.121794	55.436377	55
55.121794	55.586377	43
55.348877	55.503044	62
55.438460	55.519710	58
55.613460	55.694710	62
55.730127	55.863460	67
55.842627	55.894710	70
55.975960	56.078044	74
56.086377	56.236377	79
56.161377	56.261377	67
56.175960	56.309294	62
56.200960	56.265544	82
56.325960	56.444710	86
56.415544	56.594710	91
56.415544	56.617627	55
56.532210	56.586377	94
56.555127	56.746794	98
56.675960	57.317627	67
56.675960	57.361377	62
56.686377	56.873877	94
56.828044	57.005127	98
56.925960	57.059294	91
57.071794	57.115544	86
57.167627	57.311377	82
57.328044	57.423877	79
57.334294	57.384294	77
57.434294	57.488460	74
57.580127	57.740544	70
57.725960	57.919710	67
57.917627	57.975960	62
58.092627	58.542627	38
58.109294	58.263460	58
58.309294	58.586377	50
58.517627	59.925960	31
58.519710	59.905127	43
58.559294	58.813460	55
58.757210	58.898877	62
58.836377	58.892627	58
59.003044	59.144710	62
59.130127	59.313460	67
59.271794	59.444710	74
59.403044	59.582210	70
59.542627	59.692627	74
59.636377	59.753044	67
59.750960	59.805127	62
59.892627	60.044710	38
59.898877	59.963460	58
60.038460	60.244710	50
60.167627	61.513460	30
60.171794	61.486377	42
60.200960	60.392627	54
60.359294	60.517627	62
60.448877	60.500960	58
60.617627	60.792627	62
60.759294	60.909294	66
60.921794	61.080127	74
61.050960	61.205127	70
61.182210	61.400960	74
61.321794	61.436377	66
61.463460	61.511377	62
61.598877	61.644710	58
61.598877	61.865544	38
61.736377	61.896794	50
61.898877	62.661377	31
61.898877	62.692627	43
61.963460	62.286377	55
62.242627	62.469710	62
62.423877	62.523877	58
62.590544	62.665544	62
62.736377	62.861377	67
62.836377	62.890544	70
62.984294	63.094710	74
63.103044	63.253044	79
63.221794	63.275960	82
63.234294	63.315544	67
63.238460	63.350960	62
63.357210	63.498877	86
63.450960	63.625960	91
63.465544	63.644710	55
63.490544	63.638460	62
63.584294	63.794710	98
63.732210	64.565544	62
63.738460	63.888460	94
63.742627	64.536377	67
63.863460	64.025960	98
63.953044	64.084294	91
64.100960	64.146794	86
64.211377	64.359294	82
64.344710	64.492627	79
64.500960	64.561377	74
64.642627	64.780127	70
64.811377	64.967627	67
64.965544	65.028044	62
65.125960	65.192627	38
65.153044	65.198877	58
65.332210	65.578044	50
65.519710	66.990544	30
65.519710	66.994710	42
65.557210	65.763460	54
65.723877	65.921794	62
65.857210	65.928044	58
66.003044	66.192627	62
66.138460	66.305127	66
66.282210	66.434294	74
66.398877	66.561377	70
66.538460	66.732210	74
66.667627	66.792627	66
66.809294	66.861377	62
66.957210	67.300960	38
66.980127	67.030127	58
67.121794	67.359294	50
67.325960	68.596794	41
67.325960	68.628044	29
67.344710	67.559294	53
67.503044	67.678044	62
67.609294	67.671794	58
67.767627	67.896794	62
67.894710	68.065544	65
68.028044	68.184294	74
68.161377	68.346794	70
68.319710	68.519710	74
68.469710	68.600960	65
68.619710	68.673877	62
68.803044	68.869710	43
68.819710	68.882210	58
68.988460	69.182210	53
69.107210	69.244710	29
69.288460	69.334294	45
69.440544	69.609294	53
69.588460	69.694710	60
69.757210	69.905127	57
69.878044	69.978044	60
70.048877	70.165544	65
70.171794	70.330127	69
70.319710	70.361377	72
70.461377	70.525960	77
70.584294	70.748877	81
70.605127	70.686377	65
70.619710	70.778044	60
70.713460	70.803044	84
70.834294	70.950960	53
70.842627	70.913460	60
70.867627	71.069710	89
70.998877	71.265544	93
71.175960	72.096794	60
71.180127	71.950960	65
71.203044	71.425960	101
73.136377	73.555127	60
73.140544	73.630127	53
73.665544	73.730127	65
73.665544	73.748877	60
75.230127	75.542627	60
75.234294	75.544710	53
75.925960	76.542627	65
75.932210	76.909294	60
76.919710	77.446794	69
77.344710	77.594710	70
77.578044	77.686377	72
77.767627	78.482210	53
77.903044	78.392627	72
78.253044	78.550960	62
78.471794	78.555127	65
78.661377	78.832210	69
78.907210	79.138460	72
79.400960	80.042627	53
79.478044	79.917627	72
79.665544	80.065544	60
79.836377	80.015544	65
80.017627	80.165544	69
80.211377	80.413460	72
80.650960	81.461377	53
80.692627	81.338460	72
80.905127	81.119710	58
81.105127	81.388460	60
81.307210	81.415544	65
81.553044	81.621794	72
81.971794	82.598877	53
81.986377	82.259294	72
82.198877	82.507210	60
82.367627	82.478044	65
82.542627	82.688460	69
82.750960	82.830127	72
83.134294	84.159294	52
83.171794	83.392627	72
83.375960	84.190544	60
83.540544	84.223877	64
83.738460	83.938460	67
84.007210	84.136377	72
84.542627	84.869710	72
84.550960	84.861377	67
84.830127	85.107210	64
84.834294	85.505127	52
85.094710	85.478044	60
85.334294	85.446794	64
85.415544	85.736377	67
85.757210	85.953044	72
86.271794	86.980127	41
86.396794	86.742627	69
86.411377	86.717627	72
86.725960	87.009294	48
86.946794	87.019710	53
87.098877	87.192627	57
87.236377	87.365544	60
87.361377	87.415544	65
87.480127	87.646794	53
87.596794	87.717627	60
87.703044	87.750960	65
87.815544	87.909294	69
87.909294	88.040544	72
88.019710	88.113460	77
88.128044	88.278044	65
88.230127	88.338460	72
88.315544	88.363460	77
88.438460	88.513460	81
88.511377	88.623877	84
88.607210	88.692627	89
88.709294	88.861377	77
88.800960	88.907210	84
88.884294	88.936377	89
89.003044	89.132210	93
89.107210	89.257210	96
89.255127	89.332210	101
89.275960	89.317627	105
