4.477480	4.689980	64
4.773313	5.023313	67
5.044146	5.235813	72
5.352480	5.471230	67
5.635813	5.773313	64
5.942063	7.152480	60
6.275396	6.504563	64
6.600396	7.135813	67
6.904563	7.146230	72
7.860813	8.904563	60
8.179563	8.419146	64
8.483730	8.846230	67
8.792063	9.792063	74
9.092063	9.248313	67
9.377480	9.548313	64
9.675396	11.069146	60
10.002480	10.819146	64
10.285813	11.023313	67
10.660813	11.662896	72
11.606646	12.046230	48
11.660813	12.510813	76
11.967063	12.071230	55
12.231646	12.302480	60
12.517063	12.737896	64
12.806646	13.017063	67
12.814980	13.083730	76
13.067063	13.210813	64
13.092063	13.381646	74
13.354563	14.342063	60
13.385813	13.767063	72
13.664980	13.881646	64
13.898313	14.156646	67
14.173313	14.360813	72
14.192063	14.844146	76
14.458730	14.723313	67
14.731646	14.812896	64
14.733730	15.087896	81
15.004563	16.219146	59
15.044146	15.798313	79
15.335813	15.573313	62
15.569146	15.864980	67
15.860813	16.083730	71
15.864980	17.123313	74
16.129563	16.323313	67
16.404563	16.606646	62
16.694146	17.869146	59
16.992063	17.175396	62
17.277480	17.648313	67
17.575396	17.829563	71
17.602480	17.996230	74
18.525396	19.687896	57
18.550396	19.108730	72
18.869146	19.054563	60
19.114980	19.387896	64
19.377480	19.583730	69
19.675396	19.898313	64
19.675396	19.969146	72
19.937896	20.258730	71
19.946230	20.100396	60
20.183730	21.219146	57
20.237896	20.698313	69
20.512896	20.687896	60
20.737896	20.975396	64
20.992063	21.210813	69
21.021230	21.664980	72
21.277480	21.410813	64
21.581646	21.910813	77
21.879563	23.050396	55
21.898313	22.783730	76
22.177480	22.362896	59
22.450396	22.662896	64
22.700396	22.923313	67
22.731646	23.250657	71
22.985813	23.173313	64
23.271230	23.410813	59
23.525396	24.421230	55
23.554563	23.994146	64
23.571230	24.125396	71
23.587896	24.175396	67
24.196230	24.302480	59
24.450396	24.502480	64
24.464980	24.533730	71
24.473313	24.531646	67
24.985813	25.048313	70
24.989980	25.052480	54
25.010813	25.058730	66
25.346230	26.748313	53
25.389980	26.037896	69
25.750396	25.889980	57
25.996230	26.250396	60
26.287896	26.548313	65
26.542063	26.746230	60
26.562896	27.058730	81
26.825396	27.019146	57
27.031646	27.312896	79
27.248313	28.506646	53
27.258730	27.846230	81
27.564980	27.769146	57
27.823313	28.083730	60
28.087896	28.362896	65
28.339980	28.589980	60
28.371230	28.660813	79
28.619146	28.702480	57
28.633730	28.987896	81
28.867063	29.385813	52
28.942063	30.108730	83
29.223313	29.406646	59
29.460813	29.550396	64
29.746230	29.987896	67
30.006646	30.062896	71
30.046230	30.314980	79
30.308730	30.625396	76
30.456646	31.525396	57
30.550396	30.785813	64
30.571230	30.960813	73
30.637896	31.139980	79
30.921230	31.177480	64
31.200396	31.446230	69
31.456646	31.652480	64
31.754563	32.027480	77
32.025396	32.181646	79
32.189980	32.560813	69
32.277480	32.502480	72
32.281646	32.860813	50
32.302480	32.483730	77
32.364980	32.881646	81
32.637896	32.858730	57
32.854563	33.750396	77
32.919146	32.992063	62
33.142063	33.333730	65
33.412896	33.625396	69
33.692063	34.029563	76
33.971230	34.839980	62
34.004563	34.531646	74
34.250396	34.550396	65
34.496230	34.744146	69
34.775396	34.885813	65
34.787896	34.908730	74
35.050396	35.367063	74
35.335813	35.639980	76
35.598313	37.137896	43
35.667063	36.002480	77
35.964980	36.337896	50
36.239980	36.525396	55
36.494146	37.002480	62
36.500396	36.821230	59
36.800396	37.125396	50
36.825396	36.896230	55
37.071230	37.481646	60
37.354563	38.350396	43
37.425396	38.058730	59
38.310813	38.579563	50
38.377480	38.746230	55
39.383730	39.454563	60
39.402480	39.875396	36
39.442063	39.923313	64
39.712896	39.889980	43
39.962896	40.033730	48
40.308730	40.383730	53
40.317063	40.387896	55
40.556646	40.800396	64
40.814980	41.098313	62
40.825396	41.017063	55
41.108730	41.681646	48
41.119146	41.483730	60
41.396230	41.606646	55
41.646230	41.894146	60
41.683730	41.919146	52
41.956646	42.610813	64
42.229563	42.412896	60
42.498313	42.723313	55
42.527480	42.887896	69
42.769146	45.067063	47
42.854563	43.171230	67
43.125396	43.433730	55
43.387896	43.437896	62
43.410813	43.602480	59
43.712896	43.962896	55
43.969146	44.179563	74
43.973313	44.385813	59
44.229563	44.477480	83
44.239980	44.458730	86
44.514980	44.573313	74
44.796230	45.098313	59
45.060813	45.308730	71
45.077480	45.306646	67
45.344146	45.404563	62
45.364980	45.452480	55
45.608730	45.844146	60
45.610813	45.700396	47
45.942063	47.235813	45
45.956646	46.473313	59
46.260813	46.519146	52
46.519146	46.660813	60
47.046230	47.208730	57
47.300396	47.396230	52
47.310813	47.452480	60
47.462896	47.614980	59
47.617063	48.096230	57
47.629563	48.527480	45
47.894146	48.269146	52
48.139980	48.446230	57
48.442063	49.044146	60
48.692063	48.842063	57
48.962896	49.173313	52
48.992063	49.279563	65
49.244146	51.735813	43
49.273313	49.548313	64
49.292063	49.500396	59
49.562896	49.835813	52
49.800396	49.960813	67
49.823313	50.062896	55
50.067063	50.125396	71
50.075396	50.179563	76
50.331646	50.660813	52
50.604563	50.775396	79
50.625396	50.933730	55
50.871230	50.914980	83
50.875396	50.921230	88
51.454563	51.698313	55
51.733730	51.992063	52
51.771230	51.881646	59
52.758730	53.781646	57
52.767063	53.917063	41
53.054563	53.283730	48
53.335813	53.742063	53
53.608730	54.133730	69
53.867063	54.169146	48
54.142063	54.487896	67
54.419146	54.896230	41
54.444146	54.794146	69
54.710813	54.919146	48
54.998313	55.110813	53
55.281646	55.371230	57
55.281646	55.821230	67
55.525396	55.577480	60
55.833730	56.175396	69
56.112896	56.606646	40
56.142063	57.125396	71
56.425396	56.608730	47
56.677480	56.737896	52
56.939980	57.110813	55
57.223313	57.271230	59
57.256646	57.467063	67
57.508730	57.848313	64
57.819146	59.258730	45
57.835813	57.931646	67
57.839980	57.902480	61
58.139980	58.371230	52
58.352480	58.583730	69
58.398313	58.642063	57
58.712896	58.773313	73
58.717063	58.781646	79
59.012896	59.156646	57
59.267063	59.335813	52
59.289980	59.446230	65
59.442063	59.637896	67
59.608730	60.171230	69
59.614980	60.077480	38
59.881646	60.058730	45
60.131646	61.031646	65
60.181646	60.239980	50
60.404563	60.921230	50
60.654563	60.839980	57
60.971230	61.075396	53
60.975396	61.219146	64
61.181646	61.492063	62
61.448313	62.875396	50
61.473313	61.737896	60
61.731646	62.400396	59
62.506646	62.635813	59
62.533730	62.642063	53
62.789980	63.056646	59
62.819146	62.989980	53
63.075396	63.410813	62
63.339980	64.310813	48
63.404563	63.702480	60
63.671230	64.152480	55
63.937896	64.175396	60
64.260813	64.619146	64
64.529563	64.746230	60
64.781646	64.869146	55
64.787896	64.902480	67
65.023313	65.225396	64
65.079563	65.548313	72
65.096230	65.794146	48
65.104563	65.577480	60
65.944146	66.369146	60
65.950396	66.164980	55
66.523313	66.798313	59
66.785813	67.135813	41
66.827480	67.077480	57
67.087896	67.158730	48
67.331646	67.437896	57
67.335813	67.404563	53
67.350396	67.423313	41
67.614980	67.846230	57
67.617063	67.825396	60
67.621230	67.925396	41
67.625396	67.754563	53
67.860813	67.917063	48
68.131646	68.187896	41
68.131646	68.200396	53
68.137896	68.223313	57
68.137896	68.312896	60
68.412896	68.739980	65
68.417063	68.796230	57
68.427480	68.771230	53
68.429563	69.483730	41
68.708730	68.798313	48
68.937896	69.127480	65
68.939980	69.067063	53
68.944146	69.092063	57
69.206646	69.546230	69
69.212896	69.494146	57
69.223313	69.385813	53
69.475396	69.612896	48
69.477480	69.577480	53
69.706646	69.775396	53
69.729563	69.842063	69
69.735813	69.844146	57
70.021230	71.454563	40
70.025396	70.367063	67
70.029563	70.269146	55
70.029563	70.344146	52
70.039980	70.169146	64
70.275396	70.437896	64
70.329563	70.427480	48
70.583730	71.175396	52
70.846230	71.085813	74
70.854563	71.062896	67
70.873313	70.992063	81
70.873313	71.058730	79
71.129563	71.400396	72
71.387896	71.429563	67
71.652480	71.956646	62
71.675396	72.764980	40
71.681646	71.967063	52
71.942063	72.148313	60
72.210813	72.379563	55
72.489980	72.794146	52
72.758730	72.937896	48
73.033730	73.156646	64
73.321230	73.402480	50
73.333730	73.400396	38
73.333730	73.469146	65
73.337896	73.423313	60
73.339980	73.412896	57
73.604563	73.667063	50
73.610813	73.802480	64
73.614980	73.748313	57
73.623313	73.681646	45
73.633730	73.700396	38
73.887896	74.442063	65
73.892063	74.329563	50
73.892063	74.494146	60
73.904563	74.160813	38
74.435813	74.525396	50
74.454563	74.508730	38
74.475396	74.531646	45
74.521230	75.000396	64
74.527480	74.704563	57
75.033730	75.379563	65
75.037896	75.346230	43
75.037896	75.394146	57
75.037896	75.423313	53
75.044146	75.389980	50
75.054563	75.396230	60
75.583730	75.723313	65
75.587896	75.683730	57
75.589980	75.744146	60
75.648313	75.721230	53
76.004563	76.250396	57
76.027480	76.375396	43
76.064980	76.312896	60
76.119146	76.317063	53
76.154563	76.604563	67
76.177480	76.254563	50
76.677480	77.123313	36
76.694146	77.369146	64
76.696230	77.121230	55
76.987896	77.169146	43
77.233730	77.289980	48
77.519146	77.929563	64
77.771230	78.954563	48
78.081646	78.335813	65
78.367063	78.631646	55
78.385813	79.019146	67
78.400396	78.954563	64
79.012896	79.162896	55
79.279563	79.525396	48
79.556646	79.677480	55
79.573313	79.723313	67
79.814980	79.873313	48
79.823313	79.950396	67
80.021230	80.323313	59
80.064980	80.327480	64
80.079563	80.448313	40
80.102480	80.246230	67
80.144146	80.875396	71
80.419146	80.473313	47
80.669146	81.231646	52
80.931646	81.106646	59
81.189980	81.394146	67
81.462896	81.642063	64
81.735813	81.819146	67
82.000396	83.137896	52
82.004563	82.181646	72
82.256646	82.533730	76
82.335813	82.542063	59
82.552480	83.010813	79
83.100396	83.229563	76
83.262896	84.154563	79
84.471230	84.571230	76
84.589980	84.756646	79
84.721230	85.152480	52
84.754563	85.712896	83
85.029563	85.160813	59
85.273313	85.344146	64
85.510813	85.706646	67
85.777480	85.833730	71
85.798313	86.058730	79
86.077480	86.492063	76
86.377480	87.492063	57
86.408730	86.860813	79
86.427480	86.904563	73
87.744146	87.925396	77
87.908730	88.085813	79
88.085813	88.748313	81
88.094146	88.658730	50
88.396230	88.662896	57
88.629563	89.469146	77
88.662896	88.785813	62
88.908730	89.112896	65
89.167063	89.417063	69
89.460813	89.764980	76
89.708730	90.452480	62
89.752480	90.054563	74
89.992063	90.162896	65
90.246230	90.439980	69
90.542063	90.702480	74
91.089980	91.281646	76
91.356646	94.292063	53
91.377480	91.604563	77
91.387896	91.564980	68
91.656646	91.979563	60
91.919146	92.131646	84
91.929563	92.027480	80
91.967063	92.523313	65
92.183730	92.410813	82
92.192063	92.433730	79
92.433730	92.496230	80
92.460813	92.531646	77
92.731646	92.921230	76
92.731646	92.971230	79
92.754563	93.046230	60
92.977480	93.048313	77
93.014980	93.102480	74
93.269146	93.358730	76
93.269146	93.375396	72
93.319146	93.425396	65
93.544146	93.625396	70
93.571230	93.644146	74
93.860813	93.914980	68
93.862896	93.908730	72
94.223313	94.281646	70
94.227480	94.327480	60
94.250396	94.325396	67
94.681646	95.502480	68
94.702480	94.814980	65
95.733730	96.985813	48
95.742063	96.173313	64
95.831646	96.169146	67
96.185813	96.435813	55
96.442063	96.677480	60
96.692063	97.058730	67
96.700396	96.954563	64
96.960813	97.219146	55
97.235813	97.531646	65
97.244146	97.475396	62
97.510813	98.546230	48
97.535813	97.794146	64
97.550396	97.789980	60
97.827480	98.050396	55
98.137896	98.419146	60
98.398313	98.558730	67
98.421230	98.556646	64
98.667063	98.810813	55
98.937896	99.079563	67
98.939980	99.125396	72
99.214980	99.771230	40
99.237896	99.571230	67
99.237896	100.085813	71
99.502480	99.808730	47
99.764980	99.917063	52
100.039980	100.242063	55
100.061073	100.419146	67
100.085813	100.417063	64
100.335813	100.473313	59
100.564980	100.648313	55
100.869146	100.998313	64
100.873313	100.954563	59
101.171230	102.006646	52
101.419146	101.581646	71
101.694146	101.739980	83
101.702480	101.748313	76
101.977480	102.039980	55
102.248313	102.312896	55
102.627480	102.983730	60
102.627480	103.523313	41
102.633730	103.119146	57
102.912896	103.381646	48
103.194146	103.489980	53
103.462896	103.679563	48
103.731646	103.946230	57
103.731646	103.983730	60
103.983730	104.289980	59
103.996230	104.064980	55
104.248313	105.371230	41
104.275396	104.577480	57
104.277480	104.512896	53
104.548313	105.035813	48
104.808730	105.196230	53
105.102480	105.271230	57
105.102480	105.292063	60
105.389980	105.560813	48
105.637896	105.896230	69
105.648313	105.944146	65
105.939980	106.427480	36
105.973313	107.148313	64
105.983730	107.300396	67
106.250396	106.446230	43
106.506646	106.569146	48
106.783730	107.004563	52
106.800396	107.017063	55
107.044146	107.175396	60
107.333730	107.464980	62
107.606646	107.871230	60
107.627480	108.367063	64
107.883730	107.975396	55
108.131646	108.389980	48
108.433730	108.833730	60
108.435813	108.573313	55
108.783730	108.894146	48
109.023313	109.085813	55
109.339980	109.673313	60
109.342063	109.642063	57
109.350396	110.714980	41
109.631646	109.983730	48
109.883730	110.067063	53
110.175396	110.558730	69
110.175396	110.627480	65
110.427480	110.658730	53
110.681646	110.817063	48
110.704563	110.875396	64
110.714980	110.946230	67
110.973313	112.154563	41
110.979563	111.273313	69
110.987896	111.252480	65
111.289980	111.500396	48
111.544146	112.069146	53
111.798313	112.219146	69
111.806646	112.194146	65
112.060813	112.242063	48
112.308730	112.377480	71
112.314980	112.364980	67
112.596230	113.087896	40
112.625396	112.917063	71
112.625396	113.135813	74
112.877480	113.092063	47
113.127480	113.179563	52
113.375396	113.935813	52
113.412896	113.694146	71
113.417063	113.564980	67
113.704563	113.914980	59
113.948313	114.025396	64
113.948313	114.069146	67
114.202480	115.229563	52
114.229563	114.625396	71
114.239980	114.635813	67
114.477480	114.650396	59
114.744146	114.948313	55
115.006646	115.202480	67
115.023313	115.262896	64
115.052480	115.150396	59
115.296230	115.367063	55
115.567063	115.617063	52
115.871230	116.337896	57
115.881646	116.302480	65
115.881646	116.319146	60
115.881646	116.356646	38
116.139980	116.371230	45
116.412896	116.492063	50
116.689980	117.252480	50
116.942063	117.150396	57
117.200396	117.394146	53
117.212896	117.302480	64
117.212896	117.444146	67
117.475396	118.677480	50
117.483730	117.812896	69
117.502480	117.810813	65
117.525396	117.796230	62
117.773313	117.971230	57
118.033730	118.392063	53
118.100396	118.189980	62
118.302480	118.702480	69
118.323313	118.654563	65
118.569146	118.725396	57
118.856646	119.012896	72
118.864980	118.948313	65
119.089980	120.264980	65
119.150396	120.279563	71
119.152480	119.494146	31
119.162896	119.294146	43
119.210813	120.785813	76
119.475396	119.531646	43
119.746230	119.862896	52
119.983730	120.485813	53
120.269146	120.981646	55
120.554563	120.948313	62
120.792063	121.017063	65
120.852480	121.294146	71
120.921230	121.404563	74
121.837896	122.350396	79
121.898313	122.321230	62
121.917063	122.335813	91
121.933730	122.300396	53
122.864980	123.856646	77
122.919146	123.473313	55
122.919146	123.844146	83
122.969146	124.614980	88
123.239980	123.496230	62
123.500396	123.608730	67
123.783730	123.960813	71
124.077480	124.302480	74
124.339980	124.673313	79
124.702480	125.331646	86
124.712896	125.260813	83
125.612896	125.892063	67
125.629563	125.894146	74
125.629563	125.944146	86
125.646230	125.956646	83
126.483730	127.331646	64
126.498313	126.989980	86
126.779563	127.198313	72
127.044146	127.296230	76
127.335813	127.642063	84
127.342063	127.612896	79
128.048313	128.477480	77
128.119146	128.444146	81
128.137896	129.108730	62
128.200396	128.687896	86
128.456646	129.117063	69
128.731646	129.069146	74
129.004563	129.244146	77
129.004563	129.292063	84
129.723313	130.175396	76
129.785813	130.152480	81
129.817063	130.746230	60
129.856646	130.637896	86
130.123313	130.712896	69
130.408730	130.642063	72
130.683730	130.892063	84
130.692063	131.014980	76
131.550396	132.694146	59
131.575396	132.335813	84
131.860813	132.467063	65
132.108730	132.539980	69
132.367063	132.667063	83
132.392063	132.564980	74
132.660813	133.144146	81
132.675396	132.769146	65
132.683730	132.823313	74
132.967063	133.031646	59
133.133730	133.412896	79
133.375396	134.369146	57
133.387896	133.706646	77
133.683730	133.814980	60
133.900396	134.146230	65
134.164980	134.331646	69
134.175396	134.519146	72
134.175396	134.567063	76
134.944146	135.289980	71
135.000396	136.077480	55
135.019146	135.385813	76
135.300396	135.704563	64
135.562896	135.958730	67
135.864980	136.302480	71
136.675396	137.119146	69
136.721230	137.033730	53
136.737896	137.102480	65
136.754563	137.096230	74
137.583730	137.935813	74
137.604563	137.964980	69
137.608730	137.979563	65
137.614980	137.852480	53
137.629563	137.875396	60
138.296230	138.964980	55
138.383730	139.012896	62
138.408730	139.014980	65
138.467063	138.969146	69
138.471230	138.879563	74
139.254563	139.767063	55
139.360813	139.748313	62
139.373313	139.710813	65
139.400396	139.775396	67
139.454563	139.883730	71
140.356646	141.129563	48
140.381646	140.956646	64
140.389980	141.039980	60
140.396230	140.969146	72
141.275396	141.377480	60
141.275396	141.387896	67
141.283730	141.398313	55
141.283730	141.423313	64
142.075396	142.596230	36
142.177480	142.521230	43
142.212896	142.489980	60
142.246230	142.473313	64
142.250396	142.552480	48
142.279563	142.510813	67
142.337896	142.548313	72
