6.724406	8.361919	25
6.791087	7.316081	44
7.505656	7.613994	44
7.859844	8.180675	44
8.182750	8.605663	41
8.522319	8.999431	42
8.741069	9.995250	25
8.851512	9.980663	37
8.924419	10.064006	44
9.991069	11.157756	29
10.016094	11.172344	48
11.130656	11.722331	46
11.132762	12.605663	30
11.797344	11.930675	46
12.136913	12.482738	46
12.472331	12.836925	42
12.814006	13.238994	46
13.128581	14.249431	29
13.203594	15.197337	44
14.232738	14.997325	25
15.397319	17.476512	25
15.443156	15.922344	44
16.164012	16.303569	44
16.522319	16.818156	44
16.878581	17.245250	48
17.211925	17.636913	46
17.589000	18.718181	24
17.613994	18.709819	44
18.674419	19.580669	32
18.680675	19.451488	42
19.761913	20.664012	32
19.834819	20.005656	42
20.161906	20.328594	42
20.518169	20.678569	42
20.828594	21.370250	29
20.851512	21.186931	42
21.170238	21.507762	41
21.511913	21.863994	39
21.845256	23.722331	37
21.849406	23.714000	25
22.859844	22.918163	61
22.926494	22.974406	73
24.018169	24.876506	25
24.080669	24.899425	37
24.143169	24.513988	56
24.149425	24.491069	53
24.743175	24.855663	56
24.749431	24.814006	53
25.103587	25.243175	56
25.113994	25.182750	53
25.422344	25.545238	49
25.434825	25.659831	53
25.763988	26.066081	51
25.768169	26.045238	54
26.045238	26.482738	25
26.055675	26.522319	37
26.095256	26.395244	53
26.111919	26.428569	56
26.803569	26.901500	56
26.836925	26.905681	53
27.034831	27.891094	29
27.107738	27.880656	41
27.178569	27.920238	53
27.199413	27.974406	56
27.253581	27.918163	60
28.434825	30.145244	42
28.434825	30.195262	30
28.447337	28.830669	54
28.447337	28.876506	58
29.147319	29.222331	58
29.161906	29.218181	54
29.493175	29.626506	58
29.501506	29.620250	54
29.826488	29.957744	49
29.826488	29.978587	54
30.166087	30.253581	54
30.170238	30.363994	58
30.522319	31.491069	37
30.526500	31.393169	25
30.536906	32.024425	56
30.549419	32.097331	53
31.609844	31.655681	25
32.582744	34.336925	25
32.659831	34.393169	37
32.728587	33.045238	56
32.734844	33.138988	53
33.474406	33.630656	56
33.486919	33.599406	53
33.807750	33.991069	56
33.824413	33.949413	53
34.151500	34.339000	56
34.157756	34.359844	60
34.464000	34.751506	58
34.474406	34.618175	54
34.728587	35.691081	27
34.793163	35.711925	39
34.855663	35.972331	56
35.920238	36.909831	54
35.932750	36.626506	44
35.951488	36.605663	32
37.149425	38.101512	29
37.166087	38.022319	41
37.399425	37.668163	54
37.772319	37.976512	54
38.141094	38.293163	54
38.470256	39.270274	30
38.488994	39.224437	42
38.532756	38.861919	54
38.859844	39.193187	53
39.186900	39.632762	51
39.528575	41.774425	25
39.543163	41.816112	37
39.603587	41.589000	49
41.347362	41.593150	56
43.172313	44.020274	37
43.188976	43.466075	61
43.543163	43.709850	61
43.549388	44.041087	44
43.855663	43.938976	61
43.876476	44.359813	49
44.220226	44.401500	61
44.555675	44.928600	56
44.882762	45.339000	58
45.188976	46.274425	34
45.268138	45.651500	61
45.620250	46.164012	41
45.918163	46.355663	61
45.922313	46.349437	46
46.305675	47.530650	65
47.464000	48.961925	32
47.497325	47.868175	63
48.103587	48.957774	44
48.128612	48.272350	63
48.451488	48.795238	63
48.774425	49.118175	61
49.109813	49.493175	60
49.330638	50.964000	30
49.445262	50.991100	42
49.472362	51.395274	58
51.628612	53.226512	32
51.686900	53.293163	44
51.688976	51.966075	56
51.693187	51.989024	60
52.055675	52.147350	56
52.080638	52.153575	60
52.388988	52.511913	60
52.418163	52.476512	56
52.739024	52.872325	60
52.751476	52.816112	56
53.074413	53.328563	60
53.082774	53.243175	56
53.393138	53.511913	61
53.399425	53.557750	58
53.551524	55.461925	32
53.666087	54.920238	54
53.666087	55.453563	44
53.732738	54.934825	60
53.832774	55.368175	63
54.878612	55.503612	56
55.888988	57.243175	30
55.909862	57.174388	42
55.926524	56.634837	60
55.926524	56.857738	56
56.574413	56.936900	61
56.597362	56.997325	58
56.930675	57.280650	60
56.991100	57.261913	63
57.289012	57.609813	61
57.605663	57.997325	60
57.966075	59.570262	25
57.970226	59.614024	37
57.974437	59.670238	61
57.993175	59.570262	53
60.226512	61.753612	30
60.270274	60.497325	61
60.547313	61.811900	42
60.576488	60.726512	61
60.907726	61.039012	61
61.230663	61.566112	61
61.563976	61.926524	56
61.895274	62.318187	58
62.134837	64.061900	29
62.286937	62.707774	61
62.574413	63.997325	41
62.924388	63.270274	61
63.257762	64.318187	65
64.405650	64.951488	27
64.438976	64.680675	63
64.736888	64.989024	39
64.766063	64.922313	63
65.105663	65.251476	63
65.353587	65.980663	31
65.445262	65.778575	63
65.520274	65.574413	43
65.736888	66.066112	61
65.741100	66.013988	43
66.057750	66.451488	60
66.399425	68.091075	34
66.447337	66.832774	58
66.795238	67.905650	46
67.118175	67.934825	53
67.478587	68.207774	61
67.478587	68.257762	58
68.941112	69.805675	32
68.953563	69.232738	60
68.955638	69.218150	56
69.299388	69.743175	44
69.305675	69.384837	56
69.316112	69.447337	60
69.647350	69.724437	56
69.649425	69.770274	60
70.003612	70.157726	60
70.005687	70.097362	56
70.318187	70.438976	56
70.318187	70.491100	60
70.484813	70.741100	32
70.670238	70.976512	61
70.676524	70.893138	58
71.051524	72.184825	60
71.051524	72.280650	63
71.397350	72.693187	25
71.759837	72.643138	37
72.136913	72.734813	56
73.230663	73.386913	56
73.230663	73.753612	32
73.236888	73.426524	60
73.241100	73.726512	44
73.566112	73.734813	56
73.566112	73.809825	60
73.897350	73.955638	61
73.918163	73.974437	58
74.072337	75.166087	30
74.122325	74.795238	54
74.147350	75.061900	42
74.176524	74.795238	58
74.311900	74.720226	63
74.718150	75.211925	61
75.184825	75.716075	60
75.655650	80.166087	25
75.724437	76.141063	61
76.122325	80.109813	37
76.320262	76.378612	49
76.505687	76.568187	61
76.720226	76.797313	61
76.893138	77.024425	73
77.093150	77.197337	73
77.297313	77.391063	85
77.491100	77.626476	85
77.699413	77.793163	97
77.895274	77.995250	85
78.095226	78.255687	97
78.289012	78.339000	85
78.736888	78.874400	73
78.936900	79.103587	85
79.136913	79.195262	73
79.359813	79.426524	75
79.386913	79.455638	73
79.582774	79.636913	61
79.847362	80.034862	61
80.078563	80.274425	49
80.332774	80.532726	61
80.563976	80.739024	49
80.855663	82.049388	25
80.868175	82.036937	37
81.418163	82.176524	49
81.418163	82.209850	53
82.376476	82.455638	49
82.376476	82.524425	53
82.634837	83.878612	30
82.726512	83.859813	42
82.795482	83.753612	49
82.801524	83.774425	53
83.745250	84.172313	54
83.770274	83.884837	51
84.245250	85.055675	56
84.261913	85.016063	51
84.261913	85.222362	44
84.272350	85.086925	48
84.284862	85.255687	32
85.195262	85.355663	56
85.224437	85.397350	51
85.676524	86.761913	37
85.688976	86.691112	56
85.688976	86.711925	49
85.688976	86.732738	25
86.651500	86.843150	53
87.039012	88.155650	30
87.061900	87.880687	46
87.080638	88.191112	42
87.099437	87.766063	49
87.197337	87.824413	53
88.138988	88.297313	53
88.561900	89.453563	44
88.566112	89.551524	32
88.597362	89.039012	53
89.072337	89.211925	51
89.205638	89.293163	53
89.289012	89.572337	51
89.580638	89.705638	49
89.932750	90.301524	48
90.176524	91.193187	25
90.188976	91.224437	37
90.284862	91.097362	49
91.701488	92.559825	30
91.701488	92.576488	49
91.711925	92.574413	42
91.718150	92.949413	46
93.126476	94.084850	44
93.128612	94.114024	49
93.132762	94.003612	37
93.138988	93.984813	25
94.293163	94.388988	49
94.695262	95.620250	42
94.695262	95.649425	30
94.705638	95.572337	49
94.705638	95.997325	46
96.307750	97.355663	25
96.316112	97.428600	37
96.324413	97.276500	49
96.328563	97.220226	44
97.532726	97.586925	49
97.899425	99.084850	29
97.914012	98.964000	48
97.916087	99.009837	41
97.920238	98.951488	44
99.147350	99.226512	48
99.491100	100.599437	44
99.493175	100.609813	32
99.493175	100.668163	48
101.772350	103.236888	25
101.853587	103.289012	37
102.053600	102.286937	42
102.236888	102.470226	44
102.470226	102.536937	49
102.676524	102.768138	54
102.930675	103.226512	56
103.207774	103.339000	61
103.428600	104.326488	25
103.524425	104.328563	37
103.539012	103.911937	54
103.870250	104.261913	56
104.245250	104.401500	61
104.563976	106.357738	25
104.647350	106.393138	37
104.716075	105.805675	53
105.174388	105.734813	56
105.739024	107.478587	61
106.443187	106.555675	25
106.576488	106.651500	37
106.628612	106.728587	25
