3.100431	3.571256	98
3.102506	3.777494	83
3.106656	3.908750	86
3.114988	3.894163	79
3.552488	3.785825	91
3.756681	3.964994	93
3.975431	4.192075	95
3.981656	4.410825	81
4.196256	4.450406	96
4.444181	4.854581	98
4.444181	5.298337	83
4.877500	5.069181	91
5.290006	5.546262	91
5.737913	6.571256	84
5.750425	6.046262	100
6.175413	6.390012	96
6.377500	6.598325	98
6.589994	6.777494	100
6.794156	7.033750	102
7.044156	7.229581	103
7.056669	7.754575	83
7.479581	7.648344	91
7.896238	8.335844	91
8.352506	8.790006	96
8.358762	9.010831	81
8.787931	8.985837	98
8.992094	9.194181	96
9.198331	9.381681	95
9.387906	9.642087	93
9.642087	10.052488	95
9.648344	10.337919	79
10.073331	10.315000	96
10.275419	10.473325	95
10.487913	10.675413	93
10.706663	10.890012	91
10.937925	11.306669	90
10.937925	11.417081	86
11.390012	11.623319	91
11.406675	11.673337	83
11.585844	11.827512	93
11.806669	11.981656	95
11.850431	11.937925	79
12.031675	12.181669	91
12.214994	12.319181	95
12.262906	12.648344	86
12.296262	13.575406	93
12.717069	12.919156	74
12.958738	13.187925	84
13.192075	13.412931	83
13.419156	13.640012	81
13.644163	14.150419	83
13.650419	14.069181	98
14.085844	14.352506	91
14.306669	14.548337	93
14.525419	14.792081	95
14.527769	14.977506	81
14.762906	15.019163	96
15.008756	15.479581	98
15.023344	15.479581	79
15.454587	15.750425	83
15.469175	15.612913	91
15.896238	16.008756	91
15.915006	16.337919	79
16.375425	16.842069	100
16.375425	17.183744	84
16.837919	17.010831	96
17.037931	17.196256	98
17.254575	17.448331	100
17.458738	17.660825	102
17.710844	17.867094	103
17.731656	18.119169	83
18.179594	18.381681	91
18.179594	18.415006	84
18.406675	18.623319	83
18.633756	18.904569	91
18.635831	18.810819	81
18.854581	19.084012	79
19.094175	19.431669	81
19.098325	19.525419	96
19.548337	19.773344	98
19.777494	20.012906	96
20.004575	20.235837	95
20.004575	20.402494	78
20.208738	20.500425	93
20.477506	20.931669	95
20.477506	21.169156	79
20.937925	21.165006	96
21.131681	21.360837	95
21.369169	21.619169	93
21.383756	21.848325	83
21.600431	21.877500	91
21.846250	22.339994	93
21.848325	22.292081	84
22.317075	22.565000	95
22.331663	22.402494	86
22.567075	22.787931	93
22.800413	23.346250	74
22.802488	22.987913	91
23.044156	23.331663	90
23.327512	24.004575	91
23.352506	23.687925	79
24.271238	24.327512	67
24.735837	25.265012	83
24.744169	25.152494	98
24.744169	25.327512	79
24.744169	25.329587	86
25.196256	25.373319	91
25.373319	25.569181	93
25.583738	25.790006	95
25.606656	26.033750	81
25.790006	26.031675	96
26.021238	26.873319	83
26.046262	26.442075	98
26.492094	26.667081	91
26.910825	27.023344	91
27.379575	27.812925	100
27.398344	28.237913	84
27.837919	27.996244	96
28.033750	28.217069	98
28.235837	28.419156	100
28.429594	28.640012	102
28.683744	28.852506	103
28.698331	29.352506	83
29.123319	29.265012	91
29.556669	29.775419	91
30.010831	30.467069	96
30.023344	30.750425	81
30.462919	30.658750	98
30.671262	30.844175	96
30.879575	31.050413	95
31.071256	31.223325	93
31.321256	31.781675	95
31.329587	31.969175	79
31.783750	32.015012	96
31.992094	32.202512	95
32.214994	32.396238	93
32.435819	32.646238	91
32.677488	33.021238	90
32.677488	33.181669	86
33.100431	33.290006	91
33.142087	33.515012	83
33.300413	33.525419	93
33.529569	33.690000	95
33.556669	33.635831	79
33.750425	33.862913	91
33.917081	34.029569	95
34.000425	35.260831	93
34.009000	34.346250	86
34.444181	34.592069	74
34.677488	34.885831	84
34.896238	35.204587	83
35.110837	35.364988	81
35.360837	36.248319	83
35.375425	35.783750	98
35.796262	36.029569	91
36.004575	36.212919	93
36.227506	36.475431	95
36.227506	36.694181	81
36.458738	36.710844	96
36.685819	37.144163	98
36.700406	37.146238	79
37.129575	37.210844	83
37.131681	37.177488	91
37.562925	37.625425	91
37.575406	37.629575	79
38.031675	38.475431	100
38.031675	38.762906	84
38.479581	38.687925	96
38.681669	38.885831	98
38.885831	39.100431	100
39.092069	39.317075	102
39.358762	39.790006	83
39.371244	39.656675	103
39.823331	40.019163	91
39.823331	40.046262	84
40.048337	40.233762	83
40.273344	40.504575	91
40.281675	40.469175	81
40.496244	40.742094	79
40.744169	41.267087	81
40.754575	41.252500	96
41.185819	41.456663	98
41.435819	41.667081	96
41.650419	41.856656	78
41.652494	41.877500	95
41.858762	42.060819	93
42.112913	42.829587	79
42.121244	42.577512	95
42.569181	42.815000	96
42.765012	43.006681	95
42.985837	43.233762	93
43.000425	43.517087	83
43.206663	43.519163	91
43.481656	44.035825	93
43.502500	44.012906	84
43.987913	44.283750	95
44.000425	44.106656	86
44.242094	44.485837	93
44.498319	44.702512	91
44.504575	45.029569	74
44.765012	45.044156	90
45.054594	46.112913	91
45.069181	46.165006	79
46.083738	46.252500	67
46.608762	47.846250	79
46.612913	47.087919	107
47.106656	47.327512	103
47.331663	47.569181	105
47.569181	47.825406	107
47.792081	48.025419	103
48.033750	48.712919	78
48.037931	48.381681	105
48.506681	48.673337	98
48.719175	48.985837	100
48.948331	49.192075	102
49.179594	49.408750	98
49.431669	50.315000	76
49.435819	50.021238	103
49.971250	50.256681	100
50.204587	50.475431	102
50.500425	50.758756	103
50.756681	51.112913	98
51.087919	51.552488	97
51.096250	51.698331	81
51.554594	51.815000	95
51.783750	52.071256	97
52.050413	52.146238	69
52.062925	52.175413	93
52.554594	52.785825	93
52.556669	53.589994	81
52.785825	53.052488	95
53.025419	53.112913	97
53.267087	53.502500	98
53.481656	53.727506	100
53.698331	53.887906	102
53.935819	54.346250	76
53.935819	54.431669	103
54.408750	54.839994	102
54.869169	55.396238	100
54.873319	55.258756	85
55.335844	55.756681	86
55.358762	55.581663	102
55.812925	56.131681	78
55.812925	56.310819	93
56.294156	56.758756	97
56.304594	56.508756	81
56.767087	57.817075	98
56.777494	57.056669	86
57.277494	57.869169	74
57.769163	58.002500	84
58.302488	58.852506	83
58.379575	58.783750	98
58.815000	58.998319	91
58.827512	59.052488	86
59.021238	59.190000	90
59.265012	59.717069	91
59.277494	59.829587	83
59.777494	60.265012	100
59.794156	60.237913	84
60.248319	60.631681	88
60.260831	60.521238	91
60.487913	60.662931	90
60.721250	61.204587	84
60.733762	61.277494	91
61.225431	61.385831	81
61.225431	61.627500	98
61.719175	62.169156	96
61.731656	61.862913	81
62.181669	62.698331	95
62.192075	62.594175	79
62.642087	63.110837	86
62.667081	62.879575	93
62.892087	63.112913	91
63.108762	63.298337	90
63.350431	63.627500	91
63.604581	63.983762	93
64.073331	64.319181	86
64.089994	64.992094	74
64.312925	64.567075	88
64.542081	64.669156	90
64.760831	65.006681	91
64.969175	65.210844	93
64.969175	65.296262	78
65.173337	65.435819	95
65.442075	65.502500	96
65.448331	65.900419	76
65.869169	66.339994	95
65.883756	66.342069	79
66.342069	66.785825	78
66.342069	66.831663	93
66.817075	67.098325	95
66.827512	67.208738	79
67.069181	67.381681	98
67.344175	67.985837	71
67.356656	67.927488	91
67.933744	68.044156	90
67.946256	68.369169	74
68.527494	69.179594	83
68.529569	69.187925	91
68.535825	69.262906	86
68.540006	69.056669	79
69.058744	69.362913	74
69.587919	69.648344	67
70.135831	71.167081	79
70.144163	70.585844	107
70.637906	70.833738	103
70.854581	71.069181	105
71.069181	71.308744	107
71.281675	71.502500	103
71.535825	71.981656	105
71.542081	72.346250	78
72.004575	72.206663	98
72.200406	72.464994	100
72.435819	72.681669	102
72.648344	72.858762	98
72.902494	73.371244	103
72.919156	73.337919	76
73.352506	73.654569	100
73.360837	73.708738	79
73.571256	73.817075	102
73.808744	73.996244	103
73.825406	74.148344	76
74.029569	74.214994	98
74.285825	75.067075	81
74.287931	74.733762	97
74.752500	74.998319	95
74.967069	75.223325	97
75.206663	75.527494	69
75.219175	75.333738	93
75.671262	75.904569	93
75.681669	76.821256	81
75.894163	76.154569	95
76.125425	76.242094	97
76.360837	76.577512	98
76.594175	76.835844	100
76.817075	77.017087	102
77.054594	77.427488	103
77.060819	77.246244	83
77.485837	77.621244	102
77.504575	77.864988	86
77.929594	78.421262	100
77.944181	78.412931	85
78.400419	78.485837	102
78.417081	78.739988	86
78.852506	78.950406	93
78.862913	78.931669	78
79.296262	79.377500	97
79.321256	79.371244	81
79.771238	80.783750	98
79.777494	79.992094	86
80.225431	80.683744	74
80.708738	80.906675	84
81.160825	81.512906	98
81.165006	81.629575	83
81.627500	81.964994	86
81.629575	81.825406	91
81.819181	81.975431	90
82.062925	82.367094	91
82.075406	82.183744	83
82.533750	82.987913	100
82.540006	83.004575	84
82.996244	83.196256	91
82.996244	83.246244	88
83.194181	83.360837	90
83.448331	83.848325	91
83.460844	83.608762	84
83.894163	84.277494	98
83.898344	84.239988	83
84.352506	84.860837	96
84.360837	84.587919	81
84.815000	84.960844	79
84.819181	85.265012	95
85.269163	85.877500	86
85.273344	85.473325	93
85.512906	85.710844	91
85.746244	85.906675	90
85.958738	86.204587	91
86.210844	86.612913	93
86.660825	86.877500	86
86.669156	87.500425	74
86.867094	87.112913	88
87.085844	87.227506	90
87.300413	87.537931	91
87.502500	87.771238	93
87.510831	87.958738	78
87.737913	87.979581	95
87.975431	88.044156	76
87.981656	88.029569	96
88.402494	88.483762	95
88.421262	88.475431	79
88.844175	88.946256	93
88.877500	88.944181	78
89.329587	89.552488	95
89.346250	89.462919	79
89.556669	89.833738	98
89.819181	90.394163	71
89.833738	90.373319	91
90.371244	90.589994	90
90.375425	90.887906	74
90.946256	92.989988	79
90.954587	93.252775	91
90.956663	93.196256	83
90.960844	93.244169	86
91.633756	93.021238	74
92.529569	93.165006	67
